spberrypi:~/npits/src/tests $ ./sensor_coordination_test.test
00:45:32.518 [NearPassDetector] Starting...
00:45:32.518 [NearPassPredictor] Starting...
00:45:32.580 [NearPassPredictor] Radar data:
Range:                 1.30            0.70           10.90            5.80           16.70           18.70           21.10           14.70           12.90
Magnitude:           526.00          524.00          140.00          133.00           77.00           66.00           54.00           32.00           31.00
Speed:                 0.00           -0.00           -0.00           -0.00            0.00-6552387613717847043940871569408.00           -0.00           -0.00            0.00
Magnitude:             0.00            0.00            0.00            0.00            0.00            0.00            0.00            0.00            0.00
1733186732581: 765 cm
1733186732643: 765 cm
00:45:32.681 [NearPassPredictor] Radar data:
Range:                 1.30            0.70           10.90            5.80           16.70           18.70           21.10           14.70           12.90
Magnitude:           526.00          524.00          140.00          133.00           77.00           66.00           54.00           32.00           31.00
Speed:                 0.00           -0.00           -0.00           -0.00            0.00-6552387613717847043940871569408.00           -0.00           -0.00            0.00
Magnitude:             0.00            0.00            0.00            0.00            0.00            0.00            0.00            0.00            0.00
1733186732705: 765 cm
1733186732767: 765 cm
00:45:32.782 [NearPassPredictor] Radar data:
Range:                 1.30            0.70           10.90            5.80           16.70           18.70           21.10           14.70           12.90
Magnitude:           526.00          524.00          140.00          133.00           77.00           66.00           54.00           32.00           31.00
Speed:                 0.00           -0.00           -0.00           -0.00            0.00-6552387613717847043940871569408.00           -0.00           -0.00            0.00
Magnitude:             0.00            0.00            0.00            0.00            0.00            0.00            0.00            0.00            0.00
1733186732829: 765 cm
00:45:32.883 [NearPassPredictor] Radar data:
Range:                 1.30            0.70           10.90            5.80           16.70           18.70           21.10           14.70           12.90
Magnitude:           526.00          524.00          140.00          133.00           77.00           66.00           54.00           32.00           31.00
Speed:                 0.00           -0.00           -0.00           -0.00            0.00-6552387613717847043940871569408.00           -0.00           -0.00            0.00
Magnitude:             0.00            0.00            0.00            0.00            0.00            0.00            0.00            0.00            0.00
1733186732891: 765 cm
1733186732953: 765 cm
00:45:32.984 [NearPassPredictor] Radar data:
Range:                 1.30            0.70           10.90            5.80           16.70           18.70           21.10           14.70           12.90
Magnitude:           526.00          524.00          140.00          133.00           77.00           66.00           54.00           32.00           31.00
Speed:                 0.00           -0.00           -0.00           -0.00            0.00-6552387613717847043940871569408.00           -0.00           -0.00            0.00
Magnitude:             0.00            0.00            0.00            0.00            0.00            0.00            0.00            0.00            0.00
1733186733015: 765 cm
1733186733077: 765 cm
00:45:33.085 [NearPassPredictor] Radar data:
Range:                 1.30            0.70           10.90            5.80           16.70           18.70           21.10           14.70           12.90
Magnitude:           526.00          524.00          140.00          133.00           77.00           66.00           54.00           32.00           31.00
Speed:                 0.00           -0.00           -0.00           -0.00            0.00-6552387613717847043940871569408.00           -0.00           -0.00            0.00
Magnitude:             0.00            0.00            0.00            0.00            0.00            0.00            0.00            0.00            0.00
1733186733139: 765 cm
00:45:33.186 [NearPassPredictor] Radar data:
Range:                 1.30            0.70           10.90            5.80           16.70           18.70           21.10           14.70           12.90
Magnitude:           526.00          524.00          140.00          133.00           77.00           66.00           54.00           32.00           31.00
Speed:                 0.00           -0.00           -0.00           -0.00            0.00-6552387613717847043940871569408.00           -0.00           -0.00            0.00
Magnitude:             0.00            0.00            0.00            0.00            0.00            0.00            0.00            0.00            0.00
1733186733201: 765 cm
1733186733263: 765 cm
00:45:33.287 [NearPassPredictor] Radar data:
Range:                 1.30            0.70           10.90            5.80           16.70           18.70           21.10           14.70           12.90
Magnitude:           526.00          524.00          140.00          133.00           77.00           66.00           54.00           32.00           31.00
Speed:                 0.00           -0.00           -0.00           -0.00            0.00-6552387613717847043940871569408.00           -0.00           -0.00            0.00
Magnitude:             0.00            0.00            0.00            0.00            0.00            0.00            0.00            0.00            0.00
1733186733325: 765 cm
00:45:33.389 [NearPassPredictor] Radar data:
Range:                 0.60            1.30           31.70           46.00           14.00           30.30           33.70           51.80           27.60
Magnitude:           536.00          454.00          117.00           96.00           93.00           70.00           68.00           61.00           56.00
Speed:                 0.00           -0.00           -0.00           -0.00            0.00-6552387613717847043940871569408.00           -0.00           -0.00            0.00
Magnitude:             0.00            0.00            0.00            0.00            0.00            0.00            0.00            0.00            0.00
1733186733387: 765 cm
1733186733449: 765 cm
00:45:33.490 [NearPassPredictor] Radar data:
Range:                 0.70            1.30           31.40           14.30           46.00           33.70            2.30           52.10           27.60
Magnitude:           514.00          455.00          142.00          109.00          100.00           86.00           74.00           70.00           69.00
Speed:                 0.00           -0.00           -0.00           -0.00            0.00-6552387613717847043940871569408.00           -0.00           -0.00            0.00
Magnitude:             0.00            0.00            0.00            0.00            0.00            0.00            0.00            0.00            0.00
1733186733511: 765 cm
1733186733573: 765 cm
00:45:33.592 [NearPassPredictor] Radar data:
Range:                 0.70            1.30           31.30           14.00           16.00           33.70           46.00           27.90           52.10
Magnitude:           530.00          515.00          211.00          108.00          104.00           96.00           90.00           83.00           64.00
Speed:                 0.00           -0.00           -0.00           -0.00            0.00-6552387613717847043940871569408.00           -0.00           -0.00            0.00
Magnitude:             0.00            0.00            0.00            0.00            0.00            0.00            0.00            0.00            0.00
1733186733631: 765 cm
00:45:33.694 [NearPassPredictor] Radar data:
Range:                 0.70            1.30           31.30           16.00           14.00           33.70           27.90           46.00           52.10
Magnitude:           703.00          610.00          230.00          116.00          105.00           97.00           90.00           89.00           53.00
Speed:                 0.00           -0.00           -0.00           -0.00            0.00-6552387613717847043940871569408.00           -0.00           -0.00            0.00
Magnitude:             0.00            0.00            0.00            0.00            0.00            0.00            0.00            0.00            0.00
1733186733693: 765 cm
1733186733755: 765 cm
00:45:33.796 [NearPassPredictor] Radar data:
Range:                 0.70            1.30           31.30           16.00           33.70           14.30           46.00           27.90            4.40
Magnitude:           648.00          603.00          225.00          111.00          109.00          106.00           91.00           85.00           62.00
Speed:                 0.00           -0.00           -0.00           -0.00            0.00-6552387613717847043940871569408.00           -0.00           -0.00            0.00
Magnitude:             0.00            0.00            0.00            0.00            0.00            0.00            0.00            0.00            0.00
1733186733817: 765 cm
1733186733879: 765 cm
00:45:33.897 [NearPassPredictor] Radar data:
Range:                 0.70            1.30           31.30           14.30           16.30           33.70           46.00           27.90           52.10
Magnitude:           610.00          551.00          163.00           97.00           97.00           90.00           85.00           70.00           67.00
Speed:                 0.00           -0.00           -0.00           -0.00            0.00-6552387613717847043940871569408.00           -0.00           -0.00            0.00
Magnitude:             0.00            0.00            0.00            0.00            0.00            0.00            0.00            0.00            0.00
1733186733941: 765 cm
00:45:33.999 [NearPassPredictor] Radar data:
Range:                 0.70            1.30           31.30           14.30           46.00           16.40           33.70            4.10           52.40
Magnitude:           554.00          500.00          173.00          101.00           86.00           82.00           68.00           65.00           61.00
Speed:                 0.00           -0.00           -0.00           -0.00            0.00-6552387613717847043940871569408.00           -0.00           -0.00            0.00
Magnitude:             0.00            0.00            0.00            0.00            0.00            0.00            0.00            0.00            0.00
1733186734003: 765 cm
1733186734065: 765 cm
00:45:34.100 [NearPassPredictor] Radar data:
Range:                 0.60            1.30           31.40           14.30           46.00            4.10           16.40           52.10           20.10
Magnitude:           509.00          472.00          147.00          106.00          101.00           77.00           76.00           67.00           62.00
Speed:                 0.00           -0.00           -0.00           -0.00            0.00-6552387613717847043940871569408.00           -0.00           -0.00            0.00
Magnitude:             0.00            0.00            0.00            0.00            0.00            0.00            0.00            0.00            0.00
1733186734127: 765 cm
1733186734189: 765 cm
00:45:34.202 [NearPassPredictor] Radar data:
Range:                 0.70            1.30           31.40           46.00           14.30            4.10           33.70           20.10           27.60
Magnitude:           559.00          548.00          161.00          121.00          119.00          107.00           87.00           72.00           71.00
Speed:                 0.00           -0.00           -0.00           -0.00            0.00-6552387613717847043940871569408.00           -0.00           -0.00            0.00
Magnitude:             0.00            0.00            0.00            0.00            0.00            0.00            0.00            0.00            0.00
1733186734251: 765 cm
00:45:34.304 [NearPassPredictor] Radar data:
Range:                 0.70            1.30           31.40            4.40           46.00           14.30           33.70           27.60           16.00
Magnitude:           561.00          496.00          210.00          147.00          139.00          129.00          122.00          109.00           78.00
Speed:                 0.00           -0.00           -0.00           -0.00            0.00-6552387613717847043940871569408.00           -0.00           -0.00            0.00
Magnitude:             0.00            0.00            0.00            0.00            0.00            0.00            0.00            0.00            0.00
1733186734313: 765 cm
1733186734375: 765 cm
00:45:34.405 [NearPassPredictor] Radar data:
Range:                 0.70            1.30           31.40           46.00           33.70           14.30           27.60            4.40           20.10
Magnitude:           598.00          560.00          281.00          152.00          147.00          137.00          130.00          129.00           64.00
Speed:                 0.00           -0.00           -0.00           -0.00            0.00-6552387613717847043940871569408.00           -0.00           -0.00            0.00
Magnitude:             0.00            0.00            0.00            0.00            0.00            0.00            0.00            0.00            0.00
1733186734437: 765 cm
00:45:34.507 [NearPassPredictor] Radar data:
Range:                 0.70            1.30           31.40           46.00           33.70           27.60           14.30            4.40           51.80
Magnitude:           623.00          611.00          248.00          171.00          161.00          150.00          138.00          116.00           70.00
Speed:                 0.00           -0.00           -0.00           -0.00            0.00-6552387613717847043940871569408.00           -0.001733186734499: 765 cm
           -0.00            0.00
Magnitude:             0.00            0.00            0.00            0.00            0.00            0.00            0.00            0.00            0.00
1733186734561: 765 cm
1733186734623: 765 cm
00:45:34.665 [NearPassPredictor] Radar data:
Range:                 0.70            1.30           31.70           46.00           33.70           27.60           14.00           16.70            4.10
Magnitude:           607.00          583.00          218.00          174.00          149.00          140.00          129.00           89.00           84.00
Speed:                 0.00           -0.00           -0.00           -0.00            0.00-6552387613717847043940871569408.00           -0.00           -0.00            0.00
Magnitude:             0.00            0.00            0.00            0.00            0.00            0.00            0.00            0.00            0.00
1733186734685: 765 cm
1733186734747: 765 cm
1733186734809: 765 cm
00:45:34.830 [NearPassPredictor] Radar data:
Range:                 0.70            1.30           31.30           16.40           33.70           27.60           14.00           46.00            2.40
Magnitude:           568.00          526.00          314.00          171.00          148.00          147.00          131.00          130.00          121.00
Speed:                 0.00           -0.00           -0.00           -0.00            0.00-6552387613717847043940871569408.00           -0.00           -0.00            0.00
Magnitude:             0.00            0.00            0.00            0.00            0.00            0.00            0.00            0.00            0.00
00:45:34.830 [NearPassPredictor] Vehicle in range!  Range m: 31.299999 Magnitude: 314.000000
1733186734866: 765 cm
1733186734928: 765 cm
1733186734990: 765 cm
00:45:34.994 [NearPassPredictor] Radar data:
Range:                 0.70            1.30           31.30           16.40           27.90           33.70           14.00            7.90           46.30
Magnitude:           613.00          586.00          403.00          185.00          166.00          158.00          126.00          103.00           96.00
Speed:                 0.00           -0.00           -0.00           -0.00            0.00-6552387613717847043940871569408.00           -0.00           -0.00            0.00
Magnitude:             0.00            0.00            0.00            0.00            0.00            0.00            0.00            0.00            0.00
00:45:34.994 [NearPassPredictor] Vehicle in range!  Range m: 31.299999 Magnitude: 403.000000
1733186735052: 765 cm
1733186735068:  20 cm
00:45:35.072 [NearPassDetector] Near pass potentially started
1733186735084:  20 cm
1733186735100:  39 cm
00:45:35.157 [NearPassPredictor] Radar data:
Range:                 0.70            1.30           31.30           27.60           33.70            7.80           46.00           24.50           14.00
Magnitude:           647.00          620.00          455.00          230.00          211.00          192.00          169.00          160.00          140.00
Speed:                 0.00           -0.00           -0.00           -0.00            0.00-6552387613717847043940871569408.00           -0.00           -0.00            0.00
Magnitude:             0.00            0.00            0.00            0.00            0.00            0.00            0.00            0.00            0.00
00:45:35.157 [NearPassPredictor] Vehicle in range!  Range m: 31.299999 Magnitude: 455.000000
1733186735163: 765 cm
00:45:35.163 [NearPassDetector] Near pass entrance cancelled
1733186735225: 765 cm
1733186735286: 765 cm
00:45:35.321 [NearPassPredictor] Radar data:
Range:                 0.70            1.30           31.30           46.00            7.80           27.60           33.70           14.00           24.50
Magnitude:           649.00          635.00          361.00          273.00          241.00          229.00          208.00          149.00          143.00
Speed:                 0.00           -0.00           -0.00           -0.00            0.00-6552387613717847043940871569408.00           -0.00           -0.00            0.00
Magnitude:             0.00            0.00            0.00            0.00            0.00            0.00            0.00            0.00            0.00
00:45:35.322 [NearPassPredictor] Vehicle in range!  Range m: 31.299999 Magnitude: 361.000000
1733186735348: 765 cm
1733186735410: 765 cm
1733186735472: 765 cm
00:45:35.485 [NearPassPredictor] Radar data:
Range:                 0.70            1.30           46.00           14.00           30.70           33.70           27.60            7.80           36.80
Magnitude:           613.00          568.00          224.00          217.00          216.00          171.00          164.00          155.00          110.00
Speed:                 0.00           -0.00           -0.00           -0.00            0.00-6552387613717847043940871569408.00           -0.00           -0.00            0.00
Magnitude:             0.00            0.00            0.00            0.00            0.00            0.00            0.00            0.00            0.00
1733186735534: 765 cm
1733186735596: 765 cm
00:45:35.650 [NearPassPredictor] Radar data:
Range:                 1.30            0.70           46.00           14.00           33.70           30.30           31.70           16.00            6.10
Magnitude:           606.00          602.00          181.00          158.00          105.00           97.00           88.00           83.00           76.00
Speed:                 0.00           -0.00           -0.00           -0.00            0.00-6552387613717847043940871569408.00           -0.00           -0.00            0.00
Magnitude:             0.00            0.00            0.00            0.00            0.00            0.00            0.00            0.00            0.00
1733186735658: 765 cm
1733186735720: 765 cm
1733186735782: 765 cm
00:45:35.813 [NearPassPredictor] Radar data:
Range:                 0.70            1.30           45.70           14.00           29.60           33.70            6.10           31.30           51.10
Magnitude:           576.00          509.00          169.00          142.00          119.00           99.00           94.00           76.00           61.00
Speed:                 0.00           -0.00           -0.00           -0.00            0.00-6552387613717847043940871569408.00           -0.00           -0.00            0.00
Magnitude:             0.00            0.00            0.00            0.00            0.00            0.00            0.00            0.00            0.00
1733186735844: 765 cm
1733186735906: 765 cm
1733186735968: 765 cm
00:45:35.976 [NearPassPredictor] Radar data:
Range:                 0.70            1.30           46.00           14.00            6.10           33.40           29.30           51.10           37.10
Magnitude:           601.00          543.00          160.00          152.00          127.00          122.00          121.00           84.00           79.00
Speed:                 0.00           -0.00           -0.00           -0.00            0.00-6552387613717847043940871569408.00           -0.00           -0.00            0.00
Magnitude:             0.00            0.00            0.00            0.00            0.00            0.00            0.00            0.00            0.00
1733186736030: 765 cm
1733186736091: 765 cm
00:45:36.140 [NearPassPredictor] Radar data:
Range:                 0.70            1.30           14.00            6.10           46.30           33.70           28.90           30.70           51.40
Magnitude:           645.00          640.00          187.00          174.00          125.00           90.00           89.00           76.00           69.00
Speed:                 0.00           -0.00           -0.00           -0.00            0.00-6552387613717847043940871569408.00           -0.00           -0.00            0.00
Magnitude:             0.00            0.00            0.00            0.00            0.00            0.00            0.00            0.00            0.00
1733186736153: 765 cm
1733186736215: 765 cm
1733186736277: 765 cm
00:45:36.303 [NearPassPredictor] Radar data:
Range:                 0.70            1.30           14.00            4.40            6.10           46.30           27.90           51.40           33.40
Magnitude:           602.00          599.00          186.00          152.00          140.00          113.00           87.00           72.00           69.00
Speed:                 0.00           -0.00           -0.00           -0.00            0.00-6552387613717847043940871569408.00           -0.00           -0.00            0.00
Magnitude:             0.00            0.00            0.00            0.00            0.00            0.00            0.00            0.00            0.00
1733186736334: 765 cm
1733186736396: 765 cm
1733186736458: 765 cm
00:45:36.466 [NearPassPredictor] Radar data:
Range:                 0.70            1.30           14.00            5.80            3.80           46.30           27.30           33.70           16.00
Magnitude:           578.00          561.00          188.00          133.00          109.00          108.00           92.00           88.00           84.00
Speed:                 0.00           -0.00           -0.00           -0.00            0.00-6552387613717847043940871569408.00           -0.00           -0.00            0.00
Magnitude:             0.00            0.00            0.00            0.00            0.00            0.00            0.00            0.00            0.00
1733186736520: 765 cm
1733186736582: 765 cm
00:45:36.630 [NearPassPredictor] Radar data:
Range:                 1.30            0.70            5.80           14.00           31.00           46.00           33.70           26.60           27.60
Magnitude:           586.00          573.00          223.00          206.00          140.00          133.00          119.00          101.00           97.00
Speed:                 0.00           -0.00           -0.00           -0.00            0.00-6552387613717847043940871569408.00           -0.00           -0.00            0.00
Magnitude:             0.00            0.00            0.00            0.00            0.00            0.00            0.00            0.00            0.00
1733186736644: 765 cm
1733186736706: 765 cm
1733186736767: 765 cm
00:45:36.794 [NearPassPredictor] Radar data:
Range:                 0.70            1.30           14.00            6.10           46.00           31.00           51.40           36.80           33.70
Magnitude:           597.00          576.00          209.00          207.00          150.00          124.00          111.00          104.00          100.00
Speed:                 0.00           -0.00           -0.00           -0.00            0.00-6552387613717847043940871569408.00           -0.00           -0.00            0.00
Magnitude:             0.00            0.00            0.00            0.00            0.00            0.00            0.00            0.00            0.00
1733186736829: 765 cm
1733186736891: 765 cm
00:45:36.959 [NearPassPredictor] Radar data:
Range:                 0.70            1.30           14.00            6.10           25.20           46.00           33.40           51.40            4.10
Magnitude:           585.00          555.00          198.00          172.00          155.00          145.00          108.00           99.00           99.00
Speed:                 0.00           -0.00           -0.00           -0.00            0.00-6552387613717847043940871569408.00           -0.00           -0.00            0.00
Magnitude:             0.00            0.00            0.00            0.00            0.00            0.00            0.00            0.00            0.00
1733186736953: 765 cm
1733186737011: 765 cm
1733186737073: 765 cm
00:45:37.123 [NearPassPredictor] Radar data:
Range:                 0.70            1.30           14.00           24.20            6.10           16.00           46.00            3.70           33.70
Magnitude:           587.00          553.00          180.00          132.00          106.00          100.00           95.00           92.00           85.00
Speed:                 0.00           -0.00           -0.00           -0.00            0.00-6552387613717847043940871569408.00           -0.00           -0.00            0.00
Magnitude:             0.00            0.00            0.00            0.00            0.00            0.00            0.00            0.00            0.00
1733186737134: 765 cm
1733186737196: 765 cm
1733186737258: 765 cm
00:45:37.287 [NearPassPredictor] Radar data:
Range:                 0.70            1.30           14.00           45.70           23.20            6.10           30.60           33.70           24.50
Magnitude:           568.00          541.00          164.00          148.00          125.00          105.00           96.00           90.00           82.00
Speed:                 0.00           -0.00           -0.00           -0.00            0.00-6552387613717847043940871569408.00           -0.00           -0.00            0.00
Magnitude:             0.00            0.00            0.00            0.00            0.00            0.00            0.00            0.00            0.00
1733186737320: 765 cm
1733186737382: 765 cm
00:45:37.451 [NearPassPredictor] Radar data:
Range:                 0.70            1.30           45.60           14.00           33.40            6.10           30.30           27.60           31.30
Magnitude:           565.00          510.00          197.00          164.00          117.00          112.00          100.00           85.00           84.00
Speed:                 0.00           -0.00           -0.00           -0.00            0.00-6552387613717847043940871569408.00           -0.00           -0.00            0.00
Magnitude:             0.00            0.00            0.00            0.00            0.00            0.00            0.00            0.00            0.00
1733186737444: 765 cm
1733186737506: 765 cm
1733186737568: 765 cm
00:45:37.616 [NearPassPredictor] Radar data:
Range:                 1.30            0.70           45.70           14.00           21.10           33.70            6.50           30.30           36.80
Magnitude:           637.00          617.00          214.00          165.00          149.00          104.00           91.00           89.00           73.00
Speed:                 0.00           -0.00           -0.00           -0.00            0.00-6552387613717847043940871569408.00           -0.00           -0.00            0.00
Magnitude:             0.00            0.00            0.00            0.00            0.00            0.00            0.00            0.00            0.00
1733186737630: 765 cm
1733186737692: 765 cm
00:45:37.755 [NearPassPredictor] Radar data:
Range:                 0.70            1.30           46.00           14.00           20.80           33.40           30.70            6.50           36.80
Magnitude:           599.00          586.00          190.00          182.00          111.00          108.00           94.00           90.00           88.00
Speed:                 6.80            0.00            0.00            0.00            0.00            0.00            0.00            0.00            0.00
Magnitude:            29.00            0.00            0.00            0.00            0.00            0.00            0.00            0.00            0.00
1733186737754: 765 cm
1733186737816: 765 cm
00:45:37.856 [NearPassPredictor] Radar data:
Range:                 0.70            1.30           14.00           19.80           46.00           33.40            4.40           30.70           36.80
Magnitude:           559.00          526.00          190.00          188.00          174.00          117.00           96.00           89.00           88.00
Speed:                 7.00            0.00            0.00            0.00            0.00            0.00            0.00            0.00            0.00
Magnitude:            21.00            0.00            0.00            0.00            0.00            0.00            0.00            0.00            0.00
1733186737878: 765 cm
1733186737940: 765 cm
00:45:37.957 [NearPassPredictor] Radar data:
Range:                 0.70            1.30           14.00           46.30           33.70           31.30           36.50           19.10            4.40
Magnitude:           570.00          540.00          228.00          164.00          138.00          115.00          113.00          107.00          107.00
Speed:                 7.00            0.00            0.00            0.00            0.00            0.00            0.00            0.00            0.00
Magnitude:            21.00            0.00            0.00            0.00            0.00            0.00            0.00            0.00            0.00
1733186738002: 765 cm
00:45:38.059 [NearPassPredictor] Radar data:
Range:                 0.70            1.30           14.00           46.00           33.70           17.70           31.70           27.60            4.40
Magnitude:           576.00          539.00          229.00          157.00          136.00          121.00          116.00          100.00           99.00
Speed:                 7.40            0.00            0.00            0.00            0.00            0.00            0.00            0.00            0.00
Magnitude:            23.00            0.00            0.00            0.00            0.00            0.00            0.00            0.00            0.00
1733186738064: 765 cm
1733186738126: 765 cm
00:45:38.160 [NearPassPredictor] Radar data:
Range:                 0.70            1.30           14.00           16.70           46.00            4.40           33.70           31.70           27.60
Magnitude:           593.00          577.00          231.00          195.00          157.00          150.00          107.00          104.00           92.00
Speed:                 7.50            0.00            0.00            0.00            0.00            0.00            0.00            0.00            0.00
Magnitude:            29.00            0.00            0.00            0.00            0.00            0.00            0.00            0.00            0.00
1733186738188: 765 cm
1733186738250: 765 cm
00:45:38.261 [NearPassPredictor] Radar data:
Range:                 0.70            1.30           16.70           14.00            4.40           45.70           51.10           33.70           30.70
Magnitude:           605.00          552.00          245.00          241.00          182.00          149.00           95.00           92.00           76.00
Speed:                 7.70            0.00            0.00            0.00            0.00            0.00            0.00            0.00            0.00
Magnitude:            24.00            0.00            0.00            0.00            0.00            0.00            0.00            0.00            0.00
1733186738312: 765 cm
00:45:38.362 [NearPassPredictor] Radar data:
Range:                 0.70            1.30           14.00            4.40           16.00           17.00           45.70           33.40           51.10
Magnitude:           616.00          552.00          252.00          184.00          152.00          152.00          144.00          106.00          101.00
Speed:                 8.10            0.00            0.00            0.00            0.00            0.00            0.00            0.00            0.00
Magnitude:            20.00            0.00            0.00            0.00            0.00            0.00            0.00            0.00            0.00
1733186738374: 765 cm
1733186738436: 765 cm
00:45:38.464 [NearPassPredictor] Radar data:
Range:                 0.70            1.30           14.00            4.40           33.40           45.70           16.70           51.10           30.60
Magnitude:           570.00          501.00          267.00          185.00          130.00          129.00          115.00           93.00           90.00
Speed:                 8.30            0.00            0.00            0.00            0.00            0.00            0.00            0.00            0.00
Magnitude:            44.00            0.00            0.00            0.00            0.00            0.00            0.00            0.00            0.00
1733186738498: 765 cm
1733186738560: 765 cm
00:45:38.565 [NearPassPredictor] Radar data:
Range:                 0.70            1.30           14.00            4.40           33.40           45.70           16.40           30.40           51.10
Magnitude:           571.00          539.00          338.00          208.00          144.00          136.00          112.00           96.00           88.00
Speed:                 8.50            0.00            0.00            0.00            0.00            0.00            0.00            0.00            0.00
Magnitude:            27.00            0.00            0.00            0.00            0.00            0.00            0.00            0.00            0.00
00:45:38.566 [NearPassPredictor] Vehicle in range!  Range m: 14.000000 Magnitude: 338.000000
1733186738617: 765 cm
00:45:38.666 [NearPassPredictor] Radar data:
Range:                 0.70            1.30           14.30            4.40           33.40           45.60           30.40           51.10           16.70
Magnitude:           549.00          521.00          255.00          212.00          141.00          130.00           94.00           88.00           86.00
Speed:                 8.70            0.00            0.00            0.00            0.00            0.00            0.00            0.00            0.00
Magnitude:            25.00            0.00            0.00            0.00            0.00            0.00            0.00            0.00            0.00
1733186738679: 765 cm
1733186738741: 765 cm
00:45:38.768 [NearPassPredictor] Radar data:
Range:                 0.70            1.30           14.30            4.40           33.40           45.30           30.60           51.10            2.70
Magnitude:           565.00          551.00          255.00          182.00          125.00           98.00           89.00           82.00           75.00
Speed:                 8.90            0.00            0.00            0.00            0.00            0.00            0.00            0.00            0.00
Magnitude:            46.00            0.00            0.00            0.00            0.00            0.00            0.00            0.00            0.00
1733186738803: 765 cm
1733186738865: 765 cm
00:45:38.869 [NearPassPredictor] Radar data:
Range:                 0.70            1.30           14.00           11.90            4.40           33.40           45.30           30.70           36.50
Magnitude:           615.00          600.00          267.00          212.00          174.00          128.00          102.00           94.00           80.00
Speed:                 9.00            0.00            0.00            0.00            0.00            0.00            0.00            0.00            0.00
Magnitude:            63.00            0.00            0.00            0.00            0.00            0.00            0.00            0.00            0.00
1733186738927: 765 cm
00:45:38.970 [NearPassPredictor] Radar data:
Range:                 0.70            1.30           14.00            4.40           33.40           12.30           11.60           45.30           30.60
Magnitude:           593.00          584.00          267.00          148.00          136.00          122.00          114.00          112.00           99.00
Speed:                 8.90            0.00            0.00            0.00            0.00            0.00            0.00            0.00            0.00
Magnitude:            20.00            0.00            0.00            0.00            0.00            0.00            0.00            0.00            0.00
1733186738989: 765 cm
1733186739051: 765 cm
00:45:39.072 [NearPassPredictor] Radar data:
Range:                 0.70            1.30           14.00            4.40           45.60           33.40           30.60           51.10           36.50
Magnitude:           577.00          555.00          281.00          197.00          146.00          138.00          104.00           86.00           85.00
Speed:                 8.90            0.00            0.00            0.00            0.00            0.00            0.00            0.00            0.00
Magnitude:            20.00            0.00            0.00            0.00            0.00            0.00            0.00            0.00            0.00
1733186739109: 765 cm
1733186739171: 765 cm
00:45:39.173 [NearPassPredictor] Radar data:
Range:                 0.70            1.30           14.00            4.40            8.90           33.40           45.70           30.40           36.50
Magnitude:           588.00          553.00          253.00          190.00          165.00          152.00          139.00          100.00           83.00
Speed:                 9.00            0.00            0.00            0.00            0.00            0.00            0.00            0.00            0.00
Magnitude:            29.00            0.00            0.00            0.00            0.00            0.00            0.00            0.00            0.00
1733186739233: 765 cm
00:45:39.274 [NearPassPredictor] Radar data:
Range:                 1.30            0.70           14.00            8.50            4.40           33.40           45.70           30.40           51.10
Magnitude:           573.00          567.00          251.00          196.00          164.00          151.00          150.00          104.00           85.00
Speed:                 8.70            0.00            0.00            0.00            0.00            0.00            0.00            0.00            0.00
Magnitude:            22.00            0.00            0.00            0.00            0.00            0.00            0.00            0.00            0.00
1733186739279: 539 cm
1733186739341: 765 cm
00:45:39.376 [NearPassPredictor] Radar data:
Range:                 0.70            1.30           14.00            6.80           45.70           30.70            4.10           33.40            8.50
Magnitude:           528.00          486.00          227.00          207.00          188.00          121.00          116.00          107.00          100.00
Speed:                 8.70            0.00            0.00            0.00            0.00            0.00            0.00            0.00            0.00
Magnitude:            22.00            0.00            0.00            0.00            0.00            0.00            0.00            0.00            0.00
1733186739403: 765 cm
1733186739465: 765 cm
00:45:39.477 [NearPassPredictor] Radar data:
Range:                 0.70            1.30            6.50           14.00           46.00           30.70            4.40           33.40           51.10
Magnitude:           544.00          537.00          222.00          213.00          195.00          120.00          109.00          107.00           95.00
Speed:                 8.70            0.00            0.00            0.00            0.00            0.00            0.00            0.00            0.00
Magnitude:            20.00            0.00            0.00            0.00            0.00            0.00            0.00            0.00            0.00
1733186739527: 765 cm
00:45:39.578 [NearPassPredictor] Radar data:
Range:                 0.60            1.30           46.00           14.00           30.70            6.50            4.80           33.40           36.80
Magnitude:           545.00          471.00          241.00          202.00          169.00          145.00          128.00          120.00           99.00
Speed:                 8.60            0.00            0.00            0.00            0.00            0.00            0.00            0.00            0.00
Magnitude:            23.00            0.00            0.00            0.00            0.00            0.00            0.00            0.00            0.00
1733186739585: 765 cm
1733186739647: 765 cm
00:45:39.680 [NearPassPredictor] Radar data:
Range:                 0.60            1.30           46.00           14.00           31.00            4.40            2.10           33.70           36.80
Magnitude:           477.00          359.00          240.00          199.00          174.00          136.00          115.00           99.00           86.00
Speed:                 8.60            0.00            0.00            0.00            0.00            0.00            0.00            0.00            0.00
Magnitude:            23.00            0.00            0.00            0.00            0.00            0.00            0.00            0.00            0.00
1733186739709: 765 cm
1733186739771: 765 cm
00:45:39.781 [NearPassPredictor] Radar data:
Range:                 0.60            1.30           46.00            4.10           14.00           31.00            2.40           33.70           27.60
Magnitude:           490.00          391.00          202.00          189.00          186.00          173.00          138.00           86.00           78.00
Speed:                 8.60            0.00            0.00            0.00            0.00            0.00            0.00            0.00            0.00
Magnitude:            25.00            0.00            0.00            0.00            0.00            0.00            0.00            0.00            0.00
1733186739833: 765 cm
00:45:39.883 [NearPassPredictor] Radar data:
Range:                 1.30            0.70           46.00           14.00           31.00            4.40            3.40           51.10           33.40
Magnitude:           554.00          520.00          202.00          153.00          130.00          122.00          107.00           95.00           75.00
Speed:                 8.60            0.00            0.00            0.00            0.00            0.00            0.00            0.00            0.00
Magnitude:            25.00            0.00            0.00            0.00            0.00            0.00            0.00            0.00            0.00
1733186739895: 765 cm
1733186739957: 765 cm
1733186740018: 765 cm
00:45:40.027 [NearPassPredictor] Radar data:
Range:                 1.30            0.70           46.00           14.00           31.00            4.40           51.10           33.70           36.80
Magnitude:           590.00          534.00          229.00          175.00          150.00          132.00           94.00           85.00           84.00
Speed:                 8.60            0.00            0.00            0.00            0.00            0.00            0.00            0.00            0.00
Magnitude:            25.00            0.00            0.00            0.00            0.00            0.00            0.00            0.00            0.00
1733186740080: 765 cm
1733186740142: 765 cm
00:45:40.190 [NearPassPredictor] Radar data:
Range:                 0.60            1.30           46.00           14.00           31.00           51.10            4.40           33.40            3.50
Magnitude:           516.00          438.00          189.00          154.00          101.00           96.00           86.00           75.00           75.00
Speed:                 8.60            0.00            0.00            0.00            0.00            0.00            0.00            0.00            0.00
Magnitude:            25.00            0.00            0.00            0.00            0.00            0.00            0.00            0.00            0.00
1733186740204: 765 cm
1733186740226: 117 cm
00:45:40.231 [NearPassDetector] Near pass potentially started
1733186740247: 115 cm
1733186740269: 113 cm
1733186740290: 112 cm
1733186740311: 113 cm
1733186740332: 113 cm
00:45:40.334 [NearPassDetector] In near pass
00:45:40.351 [NearPassPredictor] Radar data:
Range:                 0.70            1.30           14.00           46.00           51.10            4.40            5.10            3.50           33.40
Magnitude:           530.00          495.00          165.00          152.00          108.00           67.00           65.00           64.00           59.00
Speed:                 8.60            0.00            0.00            0.00            0.00            0.00            0.00            0.00            0.00
Magnitude:            25.00            0.00            0.00            0.00            0.00            0.00            0.00            0.00            0.00
1733186740353: 113 cm
1733186740375: 112 cm
1733186740396: 115 cm
1733186740417: 110 cm
1733186740438: 110 cm
1733186740459: 111 cm
1733186740481: 111 cm
1733186740502: 110 cm
00:45:40.516 [NearPassPredictor] Radar data:
Range:                 0.70            1.30           14.00           45.70            4.40           33.40           51.10           36.50           30.60
Magnitude:           533.00          484.00          242.00          131.00          128.00          108.00          107.00           72.00           68.00
Speed:                 8.60            0.00            0.00            0.00            0.00            0.00            0.00            0.00            0.00
Magnitude:            25.00            0.00            0.00            0.00            0.00            0.00            0.00            0.00            0.00
1733186740523: 114 cm
1733186740544: 110 cm
1733186740566: 113 cm
1733186740587: 114 cm
1733186740608: 112 cm
1733186740629: 115 cm
1733186740650: 118 cm
1733186740672: 121 cm
00:45:40.680 [NearPassPredictor] Radar data:
Range:                 1.30            0.70           14.00            4.40           51.10           46.00           33.70           36.50           31.70
Magnitude:           603.00          585.00          237.00          126.00           92.00           86.00           71.00           66.00           61.00
Speed:                 8.60            0.00            0.00            0.00            0.00            0.00            0.00            0.00            0.00
Magnitude:            25.00            0.00            0.00            0.00            0.00            0.00            0.00            0.00            0.00
1733186740693: 127 cm
1733186740755: 765 cm
00:45:40.760 [NearPassDetector] Near pass potentially over
1733186740817: 765 cm
00:45:40.844 [NearPassPredictor] Radar data:
Range:                 0.70            1.30           14.00            3.80           45.60           30.70           16.00            6.10           51.10
Magnitude:           553.00          509.00          194.00          132.00          107.00          104.00           80.00           75.00           63.00
Speed:                 8.60            0.00            0.00            0.00            0.00            0.00            0.00            0.00            0.00
Magnitude:            25.00            0.00            0.00            0.00            0.00            0.00            0.00            0.00            0.00
1733186740879: 765 cm
00:45:40.881 [NearPassDetector] Near pass over
00:45:40.881 [NearPassDetector] Near pass valid, logging
00:45:40.881 [near_pass_db] Couldn't insert near pass, db not open
1733186740941: 765 cm
00:45:41.008 [NearPassPredictor] Radar data:
Range:                 0.70            1.30            3.80           14.00            6.10           46.00           36.80           30.70           33.40
Magnitude:           539.00          518.00          241.00          187.00          144.00          133.00           84.00           78.00           70.00
Speed:                 8.60            0.00            0.00            0.00            0.00            0.00            0.00            0.00            0.00
Magnitude:            25.00            0.00            0.00            0.00            0.00            0.00            0.00            0.00            0.00
1733186741003: 765 cm
1733186741065: 765 cm
1733186741127: 765 cm
00:45:41.173 [NearPassPredictor] Radar data:
Range:                 0.70            1.30            3.80           14.00            6.10           45.70           36.80           30.70           33.00
Magnitude:           583.00          550.00          286.00          181.00          161.00          117.00           98.00           97.00           79.00
Speed:                 8.60            0.00            0.00            0.00            0.00            0.00            0.00            0.00            0.00
Magnitude:            25.00            0.00            0.00            0.00            0.00            0.00            0.00            0.00            0.00
1733186741189: 765 cm
1733186741251: 765 cm
1733186741313: 765 cm
00:45:41.336 [NearPassPredictor] Radar data:
Range:                 1.30            0.70            4.10            6.10           14.00           30.70           45.30           36.80           33.00
Magnitude:           651.00          638.00          236.00          192.00          178.00           99.00           99.00           97.00           68.00
Speed:                 8.60            0.00            0.00            0.00            0.00            0.00            0.00            0.00            0.00
Magnitude:            25.00            0.00            0.00            0.00            0.00            0.00            0.00            0.00            0.00
1733186741375: 765 cm
1733186741437: 765 cm
00:45:41.500 [NearPassPredictor] Radar data:
Range:                 0.70            1.30            4.10           14.00            6.10            7.50           36.80           30.70           45.30
Magnitude:           556.00          527.00          237.00          177.00          135.00           93.00           92.00           91.00           83.00
Speed:                 8.60            0.00            0.00            0.00            0.00            0.00            0.00            0.00            0.00
Magnitude:            25.00            0.00            0.00            0.00            0.00            0.00            0.00            0.00            0.00
1733186741499: 765 cm
1733186741561: 765 cm
1733186741623: 765 cm
00:45:41.663 [NearPassPredictor] Radar data:
Range:                 0.70            1.30            4.10           14.00            6.10            7.50           36.80           30.70            2.70
Magnitude:           646.00          613.00          278.00          177.00          134.00           93.00           89.00           88.00           87.00
Speed:                 8.60            0.00            0.00            0.00            0.00            0.00            0.00            0.00            0.00
Magnitude:            25.00            0.00            0.00            0.00            0.00            0.00            0.00            0.00            0.00
1733186741685: 765 cm
1733186741747: 765 cm
1733186741809: 765 cm
00:45:41.826 [NearPassPredictor] Radar data:
Range:                 0.70            1.30            4.10           14.00            6.10            2.40           36.80           30.70           45.30
Magnitude:           562.00          524.00          301.00          176.00          138.00          102.00           92.00           88.00           70.00
Speed:                 8.60            0.00            0.00            0.00            0.00            0.00            0.00            0.00            0.00
Magnitude:            25.00            0.00            0.00            0.00            0.00            0.00            0.00            0.00            0.00
00:45:41.826 [NearPassPredictor] Vehicle in range!  Range m: 4.100000 Magnitude: 301.000000
1733186741871: 765 cm
1733186741933: 765 cm
00:45:41.985 [NearPassPredictor] Radar data:
Range:                 0.70            1.30            4.10           14.00            5.80           36.80           30.70            7.80           45.30
Magnitude:           590.00          549.00          306.00          172.00          152.00           89.00           78.00           75.00           65.00
Speed:                 8.60            0.00            0.00            0.00            0.00            0.00            0.00            0.00            0.00
Magnitude:            25.00            0.00            0.00            0.00            0.00            0.00            0.00            0.00            0.00
00:45:41.986 [NearPassPredictor] Vehicle in range!  Range m: 4.100000 Magnitude: 306.000000
1733186741995: 765 cm
1733186742057: 765 cm
1733186742119: 765 cm
00:45:42.149 [NearPassPredictor] Radar data:
Range:                 0.70            1.30            4.10            5.80           14.00           36.80            7.80           30.60           45.30
Magnitude:           628.00          608.00          317.00          181.00          166.00           86.00           76.00           72.00           59.00
Speed:                 8.60            0.00            0.00            0.00            0.00            0.00            0.00            0.00            0.00
Magnitude:            25.00            0.00            0.00            0.00            0.00            0.00            0.00            0.00            0.00
00:45:42.150 [NearPassPredictor] Vehicle in range!  Range m: 4.100000 Magnitude: 317.000000
1733186742181: 765 cm
1733186742243: 765 cm
1733186742305: 765 cm
00:45:42.314 [NearPassPredictor] Radar data:
Range:                 0.60            1.30            4.10            5.80           14.00            2.40            7.80           36.80           30.60
Magnitude:           511.00          467.00          322.00          211.00          161.00          123.00           80.00           79.00           63.00
Speed:                 8.60            0.00            0.00            0.00            0.00            0.00            0.00            0.00            0.00
Magnitude:            25.00            0.00            0.00            0.00            0.00            0.00            0.00            0.00            0.00
00:45:42.314 [NearPassPredictor] Vehicle in range!  Range m: 4.100000 Magnitude: 322.000000
1733186742367: 765 cm
1733186742429: 765 cm
00:45:42.478 [NearPassPredictor] Radar data:
Range:                 0.70            1.30            4.10            5.80           14.00            2.40            7.80           36.50           45.00
Magnitude:           552.00          504.00          309.00          186.00          157.00           98.00           85.00           73.00           54.00
Speed:                 8.60            0.00            0.00            0.00            0.00            0.00            0.00            0.00            0.00
Magnitude:            25.00            0.00            0.00            0.00            0.00            0.00            0.00            0.00            0.00
00:45:42.478 [NearPassPredictor] Vehicle in range!  Range m: 4.100000 Magnitude: 309.000000
1733186742491: 765 cm
1733186742553: 765 cm
1733186742614: 765 cm
00:45:42.641 [NearPassPredictor] Radar data:
Range:                 0.70            1.30            4.10           14.00            6.10            7.50           36.80           45.00           32.70
Magnitude:           656.00          645.00          252.00          153.00          151.00           74.00           69.00           50.00           46.00
Speed:                 8.60            0.00            0.00            0.00            0.00            0.00            0.00            0.00            0.00
Magnitude:            25.00            0.00            0.00            0.00            0.00            0.00            0.00            0.00            0.00
1733186742677: 765 cm
1733186742739: 765 cm
00:45:42.804 [NearPassPredictor] Radar data:
Range:                 0.70            1.30            4.10            6.10           14.00           36.50           45.00           32.70           16.00
Magnitude:           727.00          724.00          171.00          154.00          152.00           66.00           48.00           45.00           44.00
Speed:                 8.60            0.00            0.00            0.00            0.00            0.00            0.00            0.00            0.00
Magnitude:            25.00            0.00            0.00            0.00            0.00            0.00            0.00            0.00            0.00
1733186742801: 765 cm
1733186742863: 765 cm
1733186742924: 765 cm
00:45:42.968 [NearPassPredictor] Radar data:
Range:                 0.70            1.30           14.00            6.20            4.10           36.50           45.00           32.70           16.00
Magnitude:           786.00          776.00          152.00          140.00          139.00           61.00           48.00           47.00           43.00
Speed:                 8.60            0.00            0.00            0.00            0.00            0.00            0.00            0.00            0.00
Magnitude:            25.00            0.00            0.00            0.00            0.00            0.00            0.00            0.00            0.00
1733186742986: 765 cm
1733186743048: 765 cm
1733186743110: 765 cm
00:45:43.132 [NearPassPredictor] Radar data:
Range:                 0.70            1.30            4.10           14.00            6.20            2.70           36.80           32.70           45.00
Magnitude:           766.00          743.00          149.00          148.00          107.00          100.00           60.00           49.00           47.00
Speed:                 8.60            0.00            0.00            0.00            0.00            0.00            0.00            0.00            0.00
Magnitude:            25.00            0.00            0.00            0.00            0.00            0.00            0.00            0.00            0.00
1733186743172: 765 cm
1733186743234: 765 cm
00:45:43.297 [NearPassPredictor] Radar data:
Range:                 0.70            1.30            4.10           14.00            2.70            6.50           36.80           32.70           45.00
Magnitude:           687.00          660.00          153.00          144.00          113.00           81.00           56.00           48.00           46.00
Speed:                 8.60            0.00            0.00            0.00            0.00            0.00            0.00            0.00            0.00
Magnitude:            25.00            0.00            0.00            0.00            0.00            0.00            0.00            0.00            0.00
1733186743296: 765 cm
1733186743358: 765 cm
1733186743420: 765 cm
00:45:43.461 [NearPassPredictor] Radar data:
Range:                 0.70            1.30            4.10           14.00            2.40            7.50           36.80           32.70           45.00
Magnitude:           841.00          787.00          145.00          139.00          134.00           67.00           57.00           48.00           46.00
Speed:                 8.60            0.00            0.00            0.00            0.00            0.00            0.00            0.00            0.00
Magnitude:            25.00            0.00            0.00            0.00            0.00            0.00            0.00            0.00            0.00
1733186743482: 765 cm
1733186743544: 765 cm
1733186743602: 765 cm
00:45:43.623 [NearPassPredictor] Radar data:
Range:                 1.30            0.70            4.10           14.00            6.50           36.80           32.70           45.00           52.10
Magnitude:           667.00          633.00          140.00          135.00           75.00           60.00           50.00           46.00           32.00
Speed:                 8.60            0.00            0.00            0.00            0.00            0.00            0.00            0.00            0.00
Magnitude:            25.00            0.00            0.00            0.00            0.00            0.00            0.00            0.00            0.00
1733186743664: 765 cm
^Z
[1]+  Stopped                 ./sensor_coordination_test.test
rishi@raspberrypi:~/npits/src/tests $