2024-11-07 03:18:13.788: 2114.6,0.2,1451.0,2.6,451.6,7.6,405.1,5.8,370.7,10.5,361.6,10.3,355.7,3.4,339.5,8.5,329.1,6.7
2024-11-07 03:18:13.864: 2098.3,0.2,1165.2,2.8,517.8,6.7,399.3,5.2,393.8,7.8,393.3,4.5,351.4,7.4,349.0,5.7,286.8,8.5
2024-11-07 03:18:13.940: 2062.3,0.2,1049.9,3.0,523.8,3.8,467.5,4.5,328.4,5.0,321.8,6.7,312.0,5.7,309.8,7.8,249.2,7.2
2024-11-07 03:18:14.016: 2064.1,0.2,969.6,3.0,615.3,4.4,431.7,3.8,427.2,5.1,406.5,5.5,364.8,2.4,355.0,7.7,349.4,6.6
2024-11-07 03:18:14.092: 2050.0,0.2,998.2,3.0,665.2,3.8,639.6,4.2,447.1,5.0,417.1,6.7,322.2,5.4,320.3,5.8,280.6,7.7
2024-11-07 03:18:14.103: {"Product":"OPS241B FMCW"}
2024-11-07 03:18:14.113: {"Version":"1.0.6"}
2024-11-07 03:18:14.124: {"Clock":1089}
2024-11-07 03:18:14.134: {"PowerMode":"WaitDelay"}
2024-11-07 03:18:14.144: {"Power":"Max"}
2024-11-07 03:18:14.154: {"FMCWSampleRateHz":320000}
2024-11-07 03:18:14.164: {"FMCWSampleSize":512}
2024-11-07 03:18:14.174: {"RangeFFTScale":2, "RangeFFTSize":1024}
2024-11-07 03:18:14.184: {"RangeResolution":0.0757, "RangeUnit":"m"}
2024-11-07 03:18:14.194: {"RangeMagnitudeMin":150, "RangeMagnitudeMax":"No Maximum Range Magnitude"}
2024-11-07 03:18:14.204: {"RequiredMinRange":0.000, "RequiredMaxRange":"No Maximum Range", "RangeUnit":"m"}
2024-11-07 03:18:14.214: {"RangeUnit":"m"}
2024-11-07 03:18:14.224: {"OutputFeature":"9"}
2024-11-07 03:18:14.235: {"RangeReportCount":9}
2024-11-07 03:18:14.245: 1939.8,0.2,1004.8,3.0,836.0,3.3,799.2,3.8,643.6,4.2,405.7,5.0,380.3,5.8,334.5,6.3,321.1,5.3
2024-11-07 03:18:14.255: {"OutputFeature":"9"}
2024-11-07 03:18:14.265: {"RangeReportCount":9}
2024-11-07 03:18:14.275: {"FormatDigits":1}
2024-11-07 03:18:14.285: 1975.9,0.2,719.8,3.9,686.0,3.0,522.6,3.4,465.3,6.2,432.9,5.0,315.1,2.4,305.3,7.4,226.2,8.6
2024-11-07 03:18:14.295: {"OutputFeature":"M"}
2024-11-07 03:18:14.320: 1976.5,0.2,763.3,2.9,748.4,4.9,592.2,5.8,536.0,3.9,531.8,4.3,524.9,6.3,404.1,6.6,293.3,7.9
2024-11-07 03:18:14.396: 2034.3,0.2,797.9,3.9,739.3,3.1,687.6,4.8,553.8,5.8,376.0,6.4,355.9,5.3,252.8,8.4,247.0,8.9
2024-11-07 03:18:14.472: 2136.5,0.2,716.7,3.9,642.4,3.3,620.6,3.0,600.0,4.4,494.4,2.6,443.5,4.9,368.4,6.1,364.4,6.6
2024-11-07 03:18:14.548: 2123.2,0.2,551.4,2.6,476.2,3.3,449.9,3.9,444.3,4.4,418.5,5.8,414.8,5.1,329.8,4.8,323.2,8.6
2024-11-07 03:18:14.624: 2268.3,0.2,543.0,2.7,518.1,5.9,397.1,4.4,386.6,7.8,380.9,5.3,336.9,6.7,333.7,3.9,305.2,3.4
2024-11-07 03:18:14.700: 2194.2,0.2,557.4,2.7,437.3,6.0,315.1,6.6,305.7,8.8,297.4,4.5,289.4,3.9,262.7,4.2,259.8,7.9
2024-11-07 03:18:14.776: 2104.8,0.2,671.5,4.5,508.6,5.0,507.7,2.9,395.2,3.9,376.3,3.5,323.4,6.0,308.2,6.7,250.8,7.9
2024-11-07 03:18:14.852: 2163.8,0.2,723.4,2.9,563.5,4.5,509.6,3.9,416.2,6.4,398.8,3.4,351.8,5.0,294.5,8.0,221.5,7.0
2024-11-07 03:18:14.928: 2093.1,0.2,772.5,2.8,409.3,5.0,383.5,4.2,383.3,3.8,338.8,6.4,328.6,7.6,313.5,8.0,300.7,2.4
2024-11-07 03:18:15.004: 2093.5,0.2,622.6,2.9,441.5,6.7,431.2,7.1,415.2,4.7,406.5,5.0,353.1,3.5,310.6,8.0,294.1,4.2
2024-11-07 03:18:15.080: 2123.9,0.2,526.2,2.8,427.9,5.8,399.0,6.7,397.0,3.5,393.9,4.2,387.8,7.2,380.0,4.8,289.5,7.6
2024-11-07 03:18:15.156: 2044.7,0.2,801.5,2.9,452.8,5.8,349.4,3.7,324.3,4.2,324.1,5.2,308.0,4.8,297.5,7.2,263.1,9.6
2024-11-07 03:18:15.232: 2110.0,0.2,699.6,2.8,567.4,4.3,424.1,5.8,337.9,5.2,337.6,3.4,290.3,7.1,234.2,10.1,232.9,14.5
2024-11-07 03:18:15.308: 2127.7,0.2,925.7,2.7,440.4,4.4,394.4,3.7,362.6,5.5,326.5,3.4,321.0,5.1,307.8,4.1,280.7,4.8
2024-11-07 03:18:15.384: 2128.0,0.2,934.0,3.0,486.3,4.4,389.3,3.7,368.8,5.1,347.5,5.7,345.9,4.0,307.1,5.5,218.1,7.9
2024-11-07 03:18:15.460: 2099.1,0.2,1071.7,3.0,492.7,5.1,485.6,4.6,354.7,2.1,319.5,4.0,284.6,6.5,279.3,5.7,224.8,8.0
2024-11-07 03:18:15.536: 2105.4,0.2,712.3,3.0,664.1,2.8,580.2,2.3,573.6,3.4,500.9,4.6,495.9,5.2,383.0,4.1,294.2,5.7
2024-11-07 03:18:15.612: 2075.7,0.2,1053.8,2.8,642.5,3.3,561.7,4.5,487.2,5.1,463.3,5.8,343.2,2.2,327.2,3.8,239.4,1.7
2024-11-07 03:18:15.688: 2026.3,0.2,838.1,2.7,652.6,3.3,475.3,5.8,388.4,5.1,380.4,4.1,356.9,4.5,340.0,7.6,281.0,7.2
2024-11-07 03:18:15.764: 2065.3,0.2,763.7,2.7,461.5,4.1,458.9,5.1,458.3,5.9,444.5,3.4,315.0,7.6,298.1,7.2,260.5,4.6
2024-11-07 03:18:15.840: 2073.2,0.2,1117.2,2.9,548.4,5.8,509.6,5.2,331.5,7.6,263.9,4.7,255.9,4.1,248.6,8.9,235.2,6.9
2024-11-07 03:18:15.916: 2036.5,0.2,1694.6,2.9,394.0,5.9,388.8,7.1,384.6,5.1,310.1,7.6,295.8,6.7,209.3,10.0,201.9,8.9
2024-11-07 03:18:15.992: 1934.6,0.2,1250.8,2.7,1089.7,3.1,400.1,5.4,361.7,7.0,351.8,5.8,314.0,4.8,295.0,7.6,252.6,8.5
2024-11-07 03:18:16.068: 1969.9,0.2,1585.5,2.8,459.8,4.4,335.8,5.7,321.2,4.8,310.7,7.0,249.8,6.1,229.0,8.5,227.6,6.6
2024-11-07 03:18:16.144: 1925.4,0.2,1710.4,2.9,378.2,5.6,324.8,4.5,308.7,5.0,265.7,7.1,251.6,6.1,245.9,8.5,212.4,6.7
2024-11-07 03:18:16.220: 2048.2,0.2,1398.9,2.8,851.6,3.2,431.9,4.5,417.3,5.7,286.7,5.1,237.3,8.6,227.9,6.5,219.1,7.6
2024-11-07 03:18:16.296: 2051.3,0.2,1307.8,2.7,757.5,3.3,418.8,5.8,322.7,5.0,297.9,4.5,289.7,7.0,276.3,4.2,227.0,7.7
2024-11-07 03:18:16.372: 1990.3,0.2,1036.5,2.9,862.2,3.2,415.7,4.9,399.8,4.5,372.6,5.7,368.4,6.3,245.7,7.0,245.2,9.6
2024-11-07 03:18:16.448: 1931.2,0.2,1097.8,3.3,740.1,2.7,492.2,4.9,465.2,5.5,356.6,6.0,271.7,4.2,195.0,1.7,180.6,9.6
2024-11-07 03:18:16.524: 1939.6,0.2,1263.4,3.1,579.4,5.0,302.1,6.0,286.1,4.2,268.6,2.3,253.5,6.7,239.9,8.2,207.4,10.2
2024-11-07 03:18:16.600: 1928.3,0.2,1542.1,3.2,539.7,5.0,346.6,5.7,282.4,4.5,275.5,7.9,220.8,7.0,205.0,4.2,193.9,8.5
2024-11-07 03:18:16.676: 1915.2,0.2,1536.3,3.3,906.5,2.8,367.8,5.7,366.2,5.1,348.6,6.1,345.3,4.8,302.4,7.9,284.3,7.0
2024-11-07 03:18:16.752: 1866.5,0.2,1762.6,3.3,362.4,7.0,354.1,5.2,316.3,7.8,312.9,6.1,245.4,2.3,244.1,4.8,213.0,4.5
2024-11-07 03:18:16.828: 2021.8,3.3,1904.3,0.2,552.5,2.6,410.3,7.1,362.8,5.3,292.0,4.9,281.6,7.7,242.0,4.3,222.9,5.8
2024-11-07 03:18:16.904: 2103.5,3.3,1935.6,0.2,367.1,6.1,366.9,7.6,340.2,5.2,337.4,7.2,316.8,5.8,255.5,6.7,254.2,4.3
2024-11-07 03:18:16.980: 1891.1,0.2,1667.4,3.5,1223.9,3.0,455.9,6.6,447.7,7.0,421.6,5.2,400.4,6.1,369.3,7.7,250.6,5.7
2024-11-07 03:18:17.056: 2114.9,3.4,1976.0,0.2,569.8,2.8,452.6,5.7,393.5,6.7,386.1,6.3,383.3,5.2,334.4,7.4,308.1,7.9
2024-11-07 03:18:17.132: 1951.6,0.2,1735.4,3.5,1156.7,3.1,513.5,5.7,375.5,6.7,369.2,6.4,362.1,6.9,353.5,5.2,293.7,7.4
2024-11-07 03:18:17.208: 2484.7,3.5,1964.2,0.2,742.5,2.7,583.7,5.7,379.3,6.7,322.8,1.8,311.4,5.2,300.6,8.3,269.4,7.4
2024-11-07 03:18:17.284: 2606.1,3.6,1905.1,0.2,980.3,2.8,531.4,5.7,362.7,1.9,348.7,6.6,297.5,5.2,285.6,8.5,278.9,6.9
2024-11-07 03:18:17.360: 2245.6,3.7,1945.8,0.2,976.1,2.7,560.8,1.8,298.8,5.7,293.5,5.8,264.8,6.6,240.5,5.1,232.8,8.4
2024-11-07 03:18:17.436: 2588.7,3.7,1966.8,0.2,903.9,2.7,443.9,1.8,390.7,5.8,335.7,8.4,258.0,7.0,251.5,6.5,250.3,5.3
2024-11-07 03:18:17.512: 3066.1,3.8,1884.9,0.2,811.6,2.7,386.1,6.5,308.8,5.8,295.2,7.0,282.8,8.3,235.4,5.1,231.4,1.9
2024-11-07 03:18:17.588: 2708.6,3.7,1900.3,0.2,602.0,2.8,323.0,7.1,310.5,6.7,303.0,8.3,299.5,6.4,298.9,8.0,291.7,1.7
2024-11-07 03:18:17.664: 2312.1,4.0,1921.3,0.2,368.0,2.9,349.7,7.0,341.2,8.6,298.9,6.8,287.1,5.8,282.4,6.4,266.9,1.7
2024-11-07 03:18:17.740: 2504.8,3.9,1925.5,0.2,400.5,5.8,383.9,2.8,293.0,6.8,273.1,7.1,257.2,1.7,219.4,8.1,214.3,6.4
2024-11-07 03:18:17.816: 2248.0,4.0,1984.6,0.2,520.1,3.2,331.7,5.8,261.7,8.9,241.8,7.0,226.4,6.4,217.1,8.3,215.2,2.6
2024-11-07 03:18:17.892: 2487.3,3.9,1892.4,0.2,405.8,3.0,309.7,5.8,279.3,2.7,261.6,8.9,249.0,7.0,213.3,8.3,195.5,7.6
2024-11-07 03:18:17.968: 2224.4,4.0,1986.3,0.2,560.2,3.1,402.4,2.6,342.7,5.8,340.9,2.4,333.8,7.7,282.5,5.5,281.4,6.9
2024-11-07 03:18:18.044: 2441.9,4.1,1933.8,0.2,373.6,2.6,345.6,3.1,317.3,5.4,301.4,3.0,300.7,7.7,299.0,1.9,279.4,5.8
2024-11-07 03:18:18.120: 1940.4,0.2,1857.6,4.2,501.9,2.6,368.7,5.5,324.8,1.7,322.5,6.5,320.1,3.1,285.8,5.8,237.0,2.1
2024-11-07 03:18:18.196: 1998.0,0.2,1396.9,4.0,1373.8,4.2,432.9,2.6,420.2,5.8,404.6,5.1,378.5,3.0,345.4,5.5,307.2,7.7
2024-11-07 03:18:18.272: 1945.6,0.2,1639.2,4.3,465.3,3.4,449.6,3.0,385.9,5.5,333.6,5.8,320.2,2.6,292.8,8.0,249.9,6.8
2024-11-07 03:18:18.348: 2006.6,0.2,1608.0,4.3,1144.8,3.9,378.6,6.8,360.5,2.6,355.8,5.8,342.4,3.0,282.5,8.2,233.4,2.0
2024-11-07 03:18:18.424: 2016.0,0.2,1441.0,4.3,860.7,3.8,344.3,5.7,327.3,6.8,301.6,7.3,275.2,2.6,258.8,2.0,252.5,9.4
2024-11-07 03:18:18.500: 1997.2,0.2,1697.7,4.2,669.2,3.6,322.3,5.7,258.7,3.0,251.9,7.3,234.1,7.6,229.7,6.9,225.5,8.6
2024-11-07 03:18:18.576: 2061.5,0.2,1354.5,4.2,608.7,3.6,366.9,7.3,320.1,5.7,263.2,2.6,252.9,8.6,188.8,6.3,185.2,1.7
2024-11-07 03:18:18.652: 1930.6,0.2,1355.3,4.8,486.5,5.4,377.5,3.6,337.7,5.8,320.1,2.6,279.7,7.3,241.3,3.2,213.0,6.3
2024-11-07 03:18:18.728: 1990.8,0.2,1615.4,4.2,1597.3,4.8,539.9,5.6,453.2,3.6,290.9,2.6,281.7,8.1,263.6,2.9,258.3,7.3
2024-11-07 03:18:18.804: 1869.6,0.2,1483.1,4.7,590.7,5.6,438.2,3.5,358.0,2.6,347.6,8.0,280.3,7.3,269.0,1.9,242.8,6.0
2024-11-07 03:18:18.880: 1955.9,0.2,1290.6,4.8,1050.1,4.4,722.0,5.6,384.3,3.6,374.1,2.6,373.1,6.1,267.4,8.3,246.3,8.0
2024-11-07 03:18:18.956: 1980.9,0.2,1950.5,4.8,480.4,3.6,308.6,9.8,295.6,2.6,254.9,9.0,244.4,10.5,218.9,8.4,206.9,7.6
2024-11-07 03:18:19.032: 1959.3,0.2,1599.1,4.7,607.1,5.8,362.7,3.6,293.3,2.7,273.9,7.9,250.2,7.6,235.2,8.3,223.8,7.0
2024-11-07 03:18:19.108: 1901.7,0.2,1444.3,4.8,673.4,5.8,369.7,3.6,325.7,8.0,314.3,2.6,310.8,3.1,239.2,6.2,222.6,10.7
2024-11-07 03:18:19.184: 1928.4,0.2,1658.7,5.0,279.2,3.6,244.0,7.3,238.2,8.4,221.1,3.2,218.9,6.3,205.5,10.3,202.8,8.0
2024-11-07 03:18:19.260: 1840.0,0.2,1513.8,4.8,887.8,4.2,333.4,2.6,289.6,10.3,271.8,3.3,263.6,2.4,241.1,7.6,191.3,6.9
2024-11-07 03:18:19.336: 2090.3,4.9,1948.6,0.2,445.7,3.6,389.5,3.3,339.6,2.6,272.8,10.1,269.3,10.6,221.3,2.4,205.5,6.7
2024-11-07 03:18:19.412: 2472.4,4.9,1945.7,0.2,600.3,3.9,323.3,10.7,318.2,6.8,310.3,2.6,244.2,10.1,229.7,1.7,209.9,2.4
2024-11-07 03:18:19.488: 2397.3,5.0,1976.8,0.2,491.2,3.6,328.3,10.9,291.3,6.9,277.6,2.7,276.4,10.1,262.1,2.6,250.5,2.0
2024-11-07 03:18:19.564: 2266.5,4.9,1916.0,0.2,491.4,3.7,320.2,2.8,281.0,10.8,214.5,6.8,204.0,8.6,204.0,7.8,201.1,9.5
2024-11-07 03:18:19.640: 1928.2,0.2,1737.1,5.1,718.4,6.0,635.6,3.9,608.3,4.2,285.7,6.8,249.0,9.4,224.6,10.7,186.2,2.9
2024-11-07 03:18:19.716: 1991.2,0.2,1765.2,5.2,926.5,5.9,587.0,4.2,342.8,3.6,341.6,3.8,244.3,6.8,221.4,8.6,218.8,2.6
2024-11-07 03:18:19.792: 1996.7,5.1,1962.8,0.2,692.7,4.2,437.9,3.8,268.0,6.8,197.8,11.2,181.0,7.2,178.2,11.7,175.5,3.0
2024-11-07 03:18:19.868: 1999.3,0.2,1761.8,5.2,1286.5,5.8,420.8,4.1,413.4,3.8,396.7,4.2,229.2,3.4,227.6,6.8,188.2,10.8
2024-11-07 03:18:19.940: 1989.9,0.2,1603.8,5.2,287.5,6.7,276.8,3.6,241.5,2.7,163.9,8.3,152.1,7.5
2024-11-07 03:18:20.016: 1983.4,0.2,1378.8,5.4,754.4,4.7,337.8,4.1,314.9,2.6,308.7,3.4,274.4,6.8,226.2,9.5,170.6,7.8
2024-11-07 03:18:20.092: 2020.4,0.2,1167.8,5.4,655.6,4.5,287.4,9.5,240.8,2.6,198.1,1.9,187.9,7.2,176.2,8.9,171.1,6.8
2024-11-07 03:18:20.168: 1922.0,0.2,884.1,5.4,634.0,4.7,551.5,6.0,445.5,4.1,273.6,9.6,261.7,3.3,243.7,10.0,235.8,2.6
2024-11-07 03:18:20.244: 1953.0,0.2,692.8,5.5,671.7,5.8,409.7,4.2,351.9,4.7,329.0,10.0,316.2,5.0,263.0,3.4,243.2,2.6
2024-11-07 03:18:20.320: 1957.4,0.2,619.0,5.3,589.6,6.1,520.6,5.7,374.0,4.6,370.1,4.3,335.0,10.1,301.3,2.6,257.0,3.6
2024-11-07 03:18:20.396: 2036.3,0.2,1274.3,5.7,513.6,4.8,357.9,2.6,331.9,4.4,284.9,3.5,251.8,3.1,239.2,7.3,212.6,8.9
2024-11-07 03:18:20.472: 2045.3,0.2,1364.2,5.8,309.1,4.5,309.1,4.7,259.6,10.0,258.7,3.9,241.5,2.0,231.5,2.6,230.4,9.7
2024-11-07 03:18:20.548: 2067.4,0.2,1355.1,5.8,494.5,4.8,297.0,4.3,262.6,9.6,219.6,8.9,198.0,3.0,189.1,2.8,178.3,10.6
2024-11-07 03:18:20.624: 2003.7,0.2,1078.3,5.8,387.2,4.5,308.8,4.0,249.5,10.2,205.2,3.0,201.4,9.5,185.1,2.6,168.0,2.1
2024-11-07 03:18:20.700: 2006.8,0.2,867.9,5.8,504.8,6.6,319.7,4.4,277.5,3.9,208.7,8.9,196.4,10.7,182.7,10.1,180.4,2.7
2024-11-07 03:18:20.776: 2021.6,0.2,784.6,6.0,652.5,6.6,366.3,5.0,287.9,2.6,263.2,11.4,228.3,10.9,227.0,4.5,206.1,3.5
2024-11-07 03:18:20.852: 2076.6,0.2,818.9,5.9,671.1,6.5,451.9,5.1,291.7,10.7,262.9,2.6,252.6,11.4,252.0,4.5,230.7,10.0
2024-11-07 03:18:20.928: 2054.4,0.2,659.2,5.9,466.2,5.5,389.9,5.0,286.0,11.4,270.3,10.0,262.0,2.6,246.9,3.3,223.7,10.7
2024-11-07 03:18:21.004: 2121.0,0.2,484.6,6.2,460.1,5.8,348.0,2.6,259.0,11.5,242.0,5.1,233.8,10.1,226.3,4.5,225.0,3.0
2024-11-07 03:18:21.080: 2106.7,0.2,552.9,5.8,478.7,6.5,410.6,6.2,384.5,7.3,364.9,5.1,286.9,2.9,231.6,1.8,161.9,11.5
2024-11-07 03:18:21.156: 2024.4,0.2,535.3,5.8,485.9,5.1,387.8,6.4,356.7,5.5,306.6,7.3,297.9,1.7,284.8,3.1,204.5,2.6
2024-11-07 03:18:21.232: 2033.4,0.2,659.6,6.4,638.6,5.5,557.8,6.0,441.5,7.2,397.4,1.7,287.9,4.9,245.3,2.9,225.5,3.2
2024-11-07 03:18:21.308: 1986.5,0.2,817.6,6.4,635.9,6.0,556.3,7.2,520.6,5.5,424.5,1.7,282.7,11.2,280.2,5.1,246.2,2.9
2024-11-07 03:18:21.384: 2030.2,0.2,688.3,6.4,591.0,6.7,536.9,5.8,410.7,5.1,327.2,2.0,297.2,2.8,293.3,2.6,242.5,3.2
2024-11-07 03:18:21.460: 2035.1,0.2,707.8,6.5,551.2,7.2,422.4,5.9,276.8,2.7,274.9,4.8,244.8,5.1,200.3,2.0,172.0,10.1
2024-11-07 03:18:21.536: 1987.6,0.2,788.9,6.4,703.9,7.0,542.0,5.5,408.7,5.1,249.9,2.8,206.5,12.1,180.0,1.7,179.4,9.9
2024-11-07 03:18:21.612: 1999.9,0.2,763.1,6.4,680.1,7.1,584.8,5.5,441.8,5.9,248.2,4.8,232.1,1.7,231.9,2.3,231.2,8.3
2024-11-07 03:18:21.688: 1963.8,0.2,719.8,6.7,707.2,6.3,626.5,5.8,614.6,7.3,351.9,2.6,306.8,2.3,292.0,3.0,200.5,10.9
2024-11-07 03:18:21.764: 1988.9,0.2,609.6,5.9,579.2,6.5,422.0,7.4,367.4,3.0,277.4,2.6,259.1,12.2,251.7,2.3,246.3,11.0
2024-11-07 03:18:21.840: 1999.7,0.2,479.0,6.4,425.1,7.0,405.7,5.8,401.8,7.4,327.4,8.0,299.2,3.0,294.6,2.3,258.3,12.3
2024-11-07 03:18:21.916: 2015.6,0.2,430.6,6.9,406.5,7.8,356.6,6.2,319.4,5.9,274.1,11.8,227.9,3.0,198.9,11.1,190.0,3.6
2024-11-07 03:18:21.992: 1994.5,0.2,396.4,5.8,383.5,7.6,332.8,6.3,330.2,6.8,274.8,11.7,230.3,3.0,207.7,12.7,182.0,4.0
2024-11-07 03:18:22.068: 1970.5,0.2,423.9,5.8,326.4,6.4,297.2,2.3,297.1,2.6,272.9,7.7,228.6,6.9,197.3,12.2,174.3,3.0
2024-11-07 03:18:22.144: 1973.6,0.2,379.0,6.3,360.6,5.8,303.1,7.3,276.2,3.2,252.3,12.2,238.1,6.8,233.3,7.8,204.3,2.6
2024-11-07 03:18:22.220: 2015.4,0.2,509.3,6.4,502.7,5.8,482.0,7.9,450.2,7.4,318.4,6.9,277.2,3.3,235.1,2.6,214.5,8.6
2024-11-07 03:18:22.296: 2005.4,0.2,436.7,7.9,428.9,5.8,405.4,7.3,372.7,6.6,335.1,2.6,327.5,6.3,316.5,3.2,235.6,8.7
2024-11-07 03:18:22.372: 2020.3,0.2,520.3,7.9,416.9,2.1,367.9,7.0,348.8,6.5,337.6,5.8,324.8,8.6,290.2,3.1,187.7,3.6
2024-11-07 03:18:22.448: 1989.7,0.2,579.8,7.9,556.3,8.3,455.1,7.0,353.2,6.5,352.1,6.0,266.7,2.1,245.9,3.1,232.8,2.7
2024-11-07 03:18:22.524: 2022.3,0.2,635.9,7.9,627.9,8.3,416.8,7.0,410.4,6.5,362.2,5.8,237.9,3.6,236.4,3.0,211.8,2.6
2024-11-07 03:18:22.600: 2042.0,0.2,532.1,8.1,328.4,5.8,299.7,7.0,250.5,3.0,232.9,12.5,225.4,13.2,221.9,6.5,200.7,3.6
2024-11-07 03:18:22.676: 2016.3,0.2,324.0,2.6,317.9,5.8,305.0,8.3,280.8,7.8,234.1,11.9,211.7,6.5,207.6,6.9,199.5,3.6
2024-11-07 03:18:22.752: 2021.7,0.2,392.5,2.6,284.9,8.3,281.2,7.9,281.2,5.7,237.2,3.5,202.1,6.2,201.7,11.9,190.8,7.5
2024-11-07 03:18:22.828: 2073.8,0.2,339.4,8.8,317.1,2.6,309.0,8.3,266.8,3.7,260.0,7.8,245.3,6.6,237.3,6.2,234.9,5.8
2024-11-07 03:18:22.904: 2035.7,0.2,441.6,2.6,381.1,8.6,322.4,5.7,286.6,6.6,246.2,1.7,235.1,7.7,230.5,12.6,209.6,12.3
2024-11-07 03:18:22.980: 2003.2,0.2,448.3,8.6,371.1,2.6,328.0,7.8,319.0,7.5,282.4,5.7,280.7,7.0,243.9,6.4,219.4,6.1
2024-11-07 03:18:23.056: 2023.2,0.2,414.5,8.8,374.8,7.9,363.0,7.4,346.8,7.0,300.7,5.8,283.8,2.6,219.9,3.9,177.9,10.1
2024-11-07 03:18:23.132: 2018.8,0.2,420.8,8.7,326.7,7.1,324.0,7.9,300.3,5.8,255.3,2.6,196.2,13.4,173.0,10.1,171.6,12.1
2024-11-07 03:18:23.208: 2005.8,0.2,477.0,8.6,333.3,7.5,325.6,5.8,298.1,8.0,267.6,2.6,245.8,2.3,240.5,7.1,227.0,2.9
2024-11-07 03:18:23.284: 2011.3,0.2,399.5,8.6,324.7,7.4,318.3,2.2,300.6,5.8,251.1,7.9,232.7,10.2,231.0,9.8,217.8,2.6
2024-11-07 03:18:23.360: 1993.1,0.2,361.1,9.4,339.9,8.6,323.3,8.1,301.6,5.8,273.5,7.4,246.2,2.1,230.1,3.6,207.4,2.9
2024-11-07 03:18:23.436: 2037.0,0.2,418.9,2.1,403.9,8.6,347.4,9.5,329.0,2.6,309.6,5.8,266.6,7.4,251.2,8.0,219.5,3.0
2024-11-07 03:18:23.512: 1950.8,0.2,420.8,8.9,328.0,5.8,327.8,8.3,310.0,2.0,296.0,9.6,280.2,2.6,242.2,10.1,227.2,8.0
2024-11-07 03:18:23.588: 1972.1,0.2,414.6,8.9,405.1,9.6,347.8,8.3,338.6,2.0,313.7,5.8,303.8,2.6,196.9,11.4,174.8,12.3
2024-11-07 03:18:23.664: 1950.6,0.2,421.1,9.8,409.3,9.4,364.9,8.7,320.1,2.6,287.5,5.8,237.4,8.1,225.3,10.7,183.6,11.4
2024-11-07 03:18:23.740: 1997.8,0.2,372.0,2.6,344.7,9.8,337.5,8.9,309.0,5.8,265.5,2.0,262.1,3.1,220.1,1.7,210.6,10.6
2024-11-07 03:18:23.816: 2006.6,0.2,317.5,1.7,317.0,5.8,278.3,2.7,275.0,8.8,256.7,10.3,253.4,3.0,244.5,9.9,241.2,9.5
2024-11-07 03:18:23.892: 2045.1,0.2,427.3,2.8,406.4,2.3,395.7,1.7,316.0,5.8,256.7,9.1,237.9,8.0,216.0,9.8,215.0,10.3
2024-11-07 03:18:23.968: 2039.8,0.2,374.5,2.8,309.4,8.6,305.4,5.7,285.5,9.7,256.5,7.5,203.2,2.3,197.8,1.7,187.9,10.7
2024-11-07 03:18:24.044: 2021.8,0.2,385.1,2.6,362.8,2.3,321.3,3.0,313.4,5.7,307.0,8.6,289.0,9.8,276.7,1.7,270.3,9.2
2024-11-07 03:18:24.120: 1997.0,0.2,575.1,2.1,372.5,3.0,309.8,9.4,308.9,2.6,293.0,10.1,285.2,5.8,254.9,8.6,189.7,7.4
2024-11-07 03:18:24.196: 1980.2,0.2,394.0,9.4,363.9,10.1,336.6,3.0,291.2,2.1,277.0,8.6,269.4,5.7,219.9,2.6,185.4,3.7
2024-11-07 03:18:24.272: 1944.6,0.2,430.6,9.8,413.8,10.4,365.7,8.8,320.6,5.8,287.2,2.2,245.0,3.1,219.1,11.4,206.4,8.0
2024-11-07 03:18:24.348: 2007.1,0.2,430.8,9.9,345.6,9.2,302.0,8.8,285.5,11.0,274.5,1.7,264.4,5.7,225.1,2.2,201.8,3.1
2024-11-07 03:18:24.424: 1998.1,0.2,398.9,9.2,395.5,10.2,312.1,2.6,288.9,5.7,281.1,2.4,259.9,11.1,256.7,2.1,232.2,8.1
2024-11-07 03:18:24.500: 1978.3,0.2,388.3,9.2,366.2,10.1,296.4,5.7,295.6,10.6,245.5,3.0,239.2,11.1,236.1,2.6,232.5,8.0
2024-11-07 03:18:24.576: 2031.6,0.2,413.5,3.0,351.7,9.3,345.3,10.7,340.7,10.3,332.1,2.2,331.3,5.8,326.8,1.7,314.4,2.6
2024-11-07 03:18:24.652: 2037.4,0.2,454.8,1.8,343.7,9.4,328.9,3.2,309.7,10.6,302.4,10.3,297.8,5.8,281.3,2.3,237.8,2.6
2024-11-07 03:18:24.728: 2026.5,0.2,360.5,1.8,328.8,2.7,297.8,5.8,289.4,9.5,268.2,10.6,229.4,3.2,201.6,3.6,159.5,8.6
2024-11-07 03:18:24.804: 1996.0,0.2,364.3,2.8,316.9,5.8,276.0,9.7,273.8,10.8,228.1,1.6,209.5,1.8,185.5,4.2,180.3,3.6
2024-11-07 03:18:24.880: 1972.3,0.2,416.7,2.1,348.1,5.8,280.9,2.9,253.8,10.7,251.7,9.6,243.8,1.7,228.8,10.2,166.6,3.9
2024-11-07 03:18:24.956: 1996.4,0.2,468.4,2.9,334.0,2.0,277.1,1.1,244.4,5.8,235.3,2.3,227.1,10.2,196.3,3.9,189.2,4.2
2024-11-07 03:18:25.032: 2001.4,0.2,495.5,1.1,477.5,1.8,310.0,3.1,297.1,5.8,210.4,3.7,183.7,10.1,181.4,9.6,177.4,4.1
2024-11-07 03:18:25.108: 2028.7,0.2,483.9,1.1,355.4,1.8,284.2,5.8,278.5,3.2,191.9,3.9,184.7,3.5,171.8,2.6,166.8,2.8
2024-11-07 03:18:25.184: 2106.5,0.2,805.9,1.1,394.1,1.6,218.0,5.8,195.1,3.1,191.0,2.0,173.2,2.7,169.9,2.6,156.8,3.9
2024-11-07 03:18:25.260: 2030.6,0.2,1159.4,1.1,671.8,0.8,337.6,5.8,298.7,1.9,287.4,3.0,197.1,1.6,170.1,3.3,154.7,2.6
2024-11-07 03:18:25.336: 1986.3,0.2,1108.4,1.1,644.7,0.8,373.5,1.5,294.8,5.7,255.2,3.2,205.2,9.2,173.3,14.2,165.2,8.4
2024-11-07 03:18:25.412: 1926.2,0.2,902.5,1.1,436.6,1.6,333.3,5.7,322.3,0.8,272.9,8.4,266.0,0.6,253.1,7.9,234.8,2.3
2024-11-07 03:18:25.488: 2020.6,0.2,898.5,1.1,476.8,1.6,353.1,5.8,224.3,2.3,222.6,9.1,207.2,8.3,186.1,3.0,179.9,2.6
2024-11-07 03:18:25.564: 2007.1,0.2,1070.8,1.1,685.2,1.6,660.0,0.8,323.7,3.3,291.4,5.8,278.1,2.6,257.3,2.3,184.2,9.1
2024-11-07 03:18:25.640: 2083.1,0.2,1309.8,1.1,680.6,0.8,549.7,1.8,527.0,2.6,348.1,5.8,223.8,8.6,203.5,3.4,199.7,9.4
2024-11-07 03:18:25.716: 2087.3,0.2,1022.1,1.1,486.7,1.7,485.2,2.6,483.1,2.3,340.3,0.8,313.6,5.7,177.9,8.6,173.6,7.9
2024-11-07 03:18:25.792: 2149.8,0.2,880.5,1.1,497.1,1.7,339.2,2.6,320.8,5.7,265.1,2.3,170.1,0.8,158.7,8.9,153.9,8.0
2024-11-07 03:18:25.868: 2142.3,0.2,717.4,1.1,367.2,2.3,348.1,1.7,307.2,5.7,244.1,2.7,184.9,10.2,173.3,3.3,161.3,3.6
2024-11-07 03:18:25.944: 2147.0,0.2,492.1,1.1,347.6,2.3,304.7,5.7,295.6,2.6,282.8,3.0,223.1,1.5,208.2,10.1,201.6,1.8
2024-11-07 03:18:26.020: 2127.0,0.2,346.4,3.3,344.1,1.1,319.2,5.8,251.4,2.6,230.6,2.3,203.5,4.3,195.7,11.7,192.3,3.8
2024-11-07 03:18:26.096: 2112.5,0.2,388.3,5.8,385.0,1.6,272.2,1.1,258.2,2.6,238.5,10.5,223.3,3.0,217.0,3.3,214.2,11.7
2024-11-07 03:18:26.172: 2081.4,0.2,336.1,5.8,305.6,10.8,291.9,1.6,267.6,3.0,241.3,3.3,223.6,1.1,217.4,2.3,217.3,12.1
2024-11-07 03:18:26.248: 2113.7,0.2,404.9,1.7,356.6,5.8,328.6,2.7,275.4,10.8,272.0,3.4,223.5,12.1,223.2,9.8,215.1,1