2024-11-07 03:12:02.788: 7104.3,0.2,1234.9,1.1,707.9,1.7,659.7,0.9,518.9,1.3,332.2,2.6,288.1,2.8,286.7,2.1,273.7,2.4
2024-11-07 03:12:02.865: 4754.9,0.2,642.4,1.1,541.8,1.7,496.6,2.3,484.4,2.2,361.0,2.8,352.4,3.7,329.9,0.9,296.1,3.2
2024-11-07 03:12:02.941: 3584.1,0.2,720.2,2.1,427.6,1.7,393.0,5.8,350.2,3.2,341.1,13.2,327.7,2.8,321.2,1.1,315.1,3.9
2024-11-07 03:12:03.018: 3028.3,0.2,821.6,2.0,502.7,5.8,433.9,2.7,431.9,1.6,407.7,3.3,385.9,13.1,354.3,4.3,336.4,13.9
2024-11-07 03:12:03.095: 2756.6,0.2,904.5,2.1,610.5,5.8,433.4,2.7,417.7,4.3,390.3,13.5,385.3,1.6,367.9,12.9,338.2,3.2
2024-11-07 03:12:03.171: 2621.9,0.2,968.5,2.1,555.3,5.8,449.0,4.3,394.2,13.4,393.5,12.8,377.3,6.8,341.8,1.6,330.3,14.0
2024-11-07 03:12:03.247: 2556.0,0.2,935.8,2.2,452.2,4.3,443.1,5.9,422.7,2.9,414.3,12.7,396.1,5.5,384.5,13.2,381.0,13.6
2024-11-07 03:12:03.324: 2528.5,0.2,888.1,2.2,553.6,2.9,526.4,5.9,513.6,4.3,431.3,12.7,429.1,3.3,390.8,13.2,385.0,3.8
2024-11-07 03:12:03.401: 2399.2,0.2,798.6,2.2,645.5,2.9,508.1,4.3,473.5,3.3,445.2,12.8,416.3,5.9,378.5,3.7,345.2,13.6
2024-11-07 03:12:03.478: 2358.0,0.2,725.0,2.2,710.5,2.9,465.0,5.9,453.0,12.9,442.8,3.3,436.2,4.2,346.6,13.6,341.8,3.7
2024-11-07 03:12:03.555: 2423.5,0.2,715.7,2.2,691.6,2.9,488.9,5.8,449.4,12.9,437.0,4.2,401.9,3.3,368.4,5.5,350.6,3.7
2024-11-07 03:12:03.632: 2371.4,0.2,791.3,2.2,694.6,2.9,440.8,13.0,413.5,3.3,409.9,3.7,398.3,4.2,380.6,5.9,314.6,5.4
2024-11-07 03:12:03.709: 2287.8,0.2,788.3,2.2,689.0,2.9,449.2,3.3,437.8,12.6,415.2,3.7,371.8,6.0,324.3,4.2,310.3,6.7
2024-11-07 03:12:03.786: 2249.4,0.2,712.6,2.8,661.8,2.2,529.5,5.9,444.6,3.3,437.4,12.7,358.9,3.7,312.7,6.7,299.7,14.4
2024-11-07 03:12:03.863: 2237.4,0.2,766.8,2.8,612.3,2.0,474.5,6.0,460.1,12.7,431.6,4.5,419.3,3.3,333.9,6.7,308.5,12.2
2024-11-07 03:12:03.940: 2222.6,0.2,968.8,2.0,758.2,2.8,479.5,12.9,440.2,6.0,419.2,4.5,363.1,3.4,349.9,12.2,341.2,3.6
2024-11-07 03:12:04.017: 2198.2,0.2,1155.9,2.0,700.3,2.7,458.8,13.1,435.5,1.4,394.6,12.6,377.6,3.6,367.2,6.1,364.8,5.8
2024-11-07 03:12:04.094: 2203.3,0.2,1200.3,2.0,686.2,2.7,499.2,1.4,470.0,13.2,413.1,12.5,371.2,4.5,357.8,13.7,355.3,5.0
2024-11-07 03:12:04.171: 2227.2,0.2,1119.2,2.0,714.2,2.7,534.4,1.4,448.3,13.2,408.6,5.8,406.4,12.5,391.1,13.7,383.6,5.0
2024-11-07 03:12:04.248: 2222.8,0.2,1119.1,2.0,620.9,2.7,559.3,1.4,431.1,13.2,409.4,13.8,407.2,12.5,374.6,6.8,359.1,7.3
2024-11-07 03:12:04.325: 2255.7,0.2,1108.2,2.0,518.9,1.4,468.7,2.7,418.8,13.8,418.0,12.9,400.0,13.2,378.4,6.8,366.4,7.9
2024-11-07 03:12:04.402: 2271.7,0.2,907.2,2.0,516.9,1.5,515.6,2.7,413.4,13.8,398.6,12.5,396.9,13.2,394.5,13.0,373.1,6.8
2024-11-07 03:12:04.479: 2218.6,0.2,635.3,1.9,632.0,2.7,535.5,1.6,408.9,12.6,402.3,13.2,398.2,13.8,384.0,6.8,378.4,3.9
2024-11-07 03:12:04.556: 2217.9,0.2,719.6,2.7,667.2,1.9,556.6,1.6,409.1,12.8,389.9,13.2,369.4,7.6,364.9,6.8,360.9,13.7
2024-11-07 03:12:04.633: 2252.1,0.2,788.1,3.0,583.6,1.6,567.8,2.0,405.2,12.9,383.0,12.3,376.6,5.8,366.3,6.2,359.9,4.3
2024-11-07 03:12:04.710: 2265.1,0.2,793.6,3.0,513.2,2.0,446.9,1.6,425.1,13.1,345.7,13.7,338.0,6.2,323.4,7.9,314.2,7.6
2024-11-07 03:12:04.787: 2235.8,0.2,762.7,2.9,606.6,2.0,444.1,5.8,430.2,13.0,426.2,12.7,342.9,7.6,338.6,13.6,335.5,8.0
2024-11-07 03:12:04.864: 2221.7,0.2,689.5,2.9,634.4,1.9,444.0,5.8,432.6,13.0,367.6,6.8,352.8,13.6,351.1,7.6,333.1,8.0
2024-11-07 03:12:04.941: 2269.2,0.2,655.6,1.9,607.1,2.8,441.8,13.0,391.8,12.3,345.1,5.8,339.1,13.7,334.4,7.6,323.7,6.8
2024-11-07 03:12:05.018: 2289.6,0.2,656.1,2.7,624.9,1.9,429.5,12.9,416.2,5.8,390.3,12.3,338.7,13.7,337.2,7.6,306.0,4.3
2024-11-07 03:12:05.095: 2289.8,0.2,723.9,2.7,553.9,1.9,456.7,1.6,442.9,13.0,408.1,12.3,357.6,13.7,321.9,4.4,311.3,7.9
2024-11-07 03:12:05.172: 2273.6,0.2,840.0,3.0,608.2,1.6,526.3,2.0,441.7,13.0,426.9,12.3,403.6,3.6,367.8,5.8,349.5,13.6
2024-11-07 03:12:05.249: 2258.9,0.2,893.3,3.0,769.6,1.6,610.9,2.0,431.6,12.9,351.9,6.2,351.9,3.6,351.3,3.8,346.9,13.6
2024-11-07 03:12:05.326: 2228.1,0.2,902.5,3.0,646.6,1.6,600.6,2.0,424.2,12.7,373.5,6.1,365.1,6.8,354.7,13.6,335.3,5.8
2024-11-07 03:12:05.403: 2205.3,0.2,901.6,3.0,571.2,1.6,511.5,2.0,434.3,13.1,433.5,12.8,388.0,6.8,357.6,5.8,357.2,6.1
2024-11-07 03:12:05.480: 2212.0,0.2,902.3,3.0,663.5,1.7,569.1,2.1,441.1,13.1,413.9,6.1,382.1,6.8,324.3,12.0,313.4,13.7
2024-11-07 03:12:05.557: 2240.8,0.2,890.8,3.0,739.9,2.1,673.9,1.6,432.3,12.9,406.2,6.1,334.3,13.7,320.7,5.8,316.6,12.2
2024-11-07 03:12:05.634: 2259.8,0.2,937.6,2.1,885.4,3.0,418.9,12.7,414.4,13.2,414.1,6.1,367.7,3.4,332.6,4.2,331.6,13.7
2024-11-07 03:12:05.711: 2266.6,0.2,1020.9,2.1,852.6,3.0,437.9,13.1,396.1,6.1,371.2,5.8,346.5,4.6,344.2,5.1,336.8,13.7
2024-11-07 03:12:05.788: 2256.8,0.2,1110.1,2.1,723.1,2.9,441.7,13.0,419.9,4.6,390.5,6.1,371.5,5.1,345.9,8.2,332.5,13.6
2024-11-07 03:12:05.865: 2229.5,0.2,1071.9,2.1,506.2,2.9,430.2,12.9,401.3,4.6,387.9,5.1,379.4,6.0,376.1,8.1,375.2,5.8
2024-11-07 03:12:05.942: 2210.5,0.2,1013.5,2.1,431.4,12.8,382.9,2.6,369.6,8.1,366.1,6.0,364.0,13.5,359.8,5.0,346.0,3.0
2024-11-07 03:12:06.019: 2244.9,0.2,987.0,2.1,469.4,5.9,436.2,12.6,386.3,2.6,380.4,5.0,378.6,13.5,356.6,6.8,348.5,8.1
2024-11-07 03:12:06.096: 2248.8,0.2,1025.5,2.1,616.3,5.8,441.4,12.6,395.5,3.7,381.6,13.5,375.8,6.8,355.0,2.6,342.2,5.0
2024-11-07 03:12:06.173: 2202.0,0.2,1004.0,2.1,711.6,5.8,399.8,12.9,381.0,13.5,348.6,3.8,346.8,2.6,340.8,6.8,340.8,5.0
2024-11-07 03:12:06.250: 2227.4,0.2,820.3,2.1,762.2,5.8,541.5,2.8,459.8,3.9,409.5,12.6,390.9,13.6,368.0,5.0,353.8,6.7
2024-11-07 03:12:06.327: 2254.4,0.2,750.4,2.1,674.8,2.7,667.7,5.8,435.6,3.8,411.1,12.6,375.5,13.7,373.4,13.3,373.1,5.1
2024-11-07 03:12:06.404: 2264.8,0.2,763.9,2.2,678.9,5.8,644.0,2.8,406.6,12.6,391.2,13.2,378.0,5.0,366.9,3.3,364.0,13.7
2024-11-07 03:12:06.481: 2274.5,0.2,809.7,2.1,725.2,5.8,457.2,2.9,394.4,13.1,393.3,12.6,387.7,2.7,381.1,13.6,353.8,3.3
2024-11-07 03:12:06.558: 2247.1,0.2,745.0,5.8,703.0,2.1,426.2,2.6,414.4,4.2,403.4,12.9,372.3,1.7,369.4,7.5,354.5,8.4
2024-11-07 03:12:06.635: 2230.9,0.2,590.5,2.2,560.6,2.6,543.7,5.8,513.6,4.2,400.8,12.6,397.6,7.5,369.1,8.3,368.6,12.9
2024-11-07 03:12:06.712: 2209.7,0.2,632.6,5.8,630.4,2.1,520.9,2.6,483.2,4.2,390.4,12.6,386.0,1.7,377.1,12.9,375.2,7.5
2024-11-07 03:12:06.789: 2200.2,0.2,570.2,2.2,558.4,2.6,468.7,4.3,425.2,5.7,391.0,1.7,380.9,12.9,370.1,8.3,369.1,12.6
2024-11-07 03:12:06.866: 2200.9,0.2,698.2,2.2,654.8,2.6,501.2,5.7,437.4,4.3,433.7,8.0,361.2,3.6,361.0,12.5,359.4,1.8
2024-11-07 03:12:06.943: 2186.0,0.2,779.0,2.2,655.8,2.6,464.7,4.3,407.8,8.0,382.5,13.2,378.8,5.8,374.7,1.8,345.7,7.5
2024-11-07 03:12:07.020: 2170.3,0.2,818.4,2.2,635.9,2.6,476.7,5.7,405.2,13.2,390.7,4.3,382.7,8.0,370.4,1.7,329.2,7.4
2024-11-07 03:12:07.097: 2202.2,0.2,796.6,2.2,637.4,2.6,392.3,13.2,371.0,7.9,361.2,1.7,344.5,4.3,342.2,5.7,337.3,12.5
2024-11-07 03:12:07.174: 2175.8,0.2,715.8,2.6,687.2,2.2,445.6,5.7,370.9,13.0,366.1,7.3,351.8,4.9,338.1,7.9,286.3,4.3
2024-11-07 03:12:07.251: 2134.5,0.2,792.1,2.6,428.0,5.6,399.3,4.9,385.6,13.0,364.3,13.5,346.5,7.3,326.7,3.6,317.6,12.3
2024-11-07 03:12:07.328: 2116.0,0.2,711.0,2.6,627.3,2.0,446.2,5.7,392.2,3.5,391.9,13.0,365.5,12.3,355.7,3.0,350.0,13.9
2024-11-07 03:12:07.405: 2120.5,0.2,738.3,2.1,589.8,5.8,473.7,2.7,409.7,3.6,390.5,12.8,364.8,12.3,332.5,13.8,294.8,7.3
2024-11-07 03:12:07.482: 2144.5,0.2,658.7,2.8,631.2,2.1,406.3,12.8,400.2,12.3,371.1,3.2,370.9,3.6,357.9,5.8,339.6,13.2
2024-11-07 03:12:07.559: 2136.2,0.2,716.4,2.8,550.3,2.2,427.6,12.6,400.2,5.8,362.7,13.2,349.1,3.6,341.5,4.4,315.8,3.3
2024-11-07 03:12:07.636: 2126.6,0.2,769.6,2.9,533.1,2.2,455.6,12.5,431.4,5.8,422.6,4.4,388.1,3.6,360.4,13.2,331.3,12.0
2024-11-07 03:12:07.713: 2120.4,0.2,788.3,2.9,452.3,5.8,445.1,12.5,429.9,2.2,374.3,13.3,366.1,4.4,319.0,3.4,314.9,12.0
2024-11-07 03:12:07.790: 2128.5,0.2,808.5,2.8,513.9,5.8,423.7,12.5,399.0,13.4,324.2,8.0,295.2,12.0,293.9,3.3,275.8,2.2
2024-11-07 03:12:07.867: 2126.2,0.2,827.5,2.6,462.1,5.9,401.3,12.5,396.5,13.2,394.7,13.5,341.1,1.5,334.5,8.0,325.3,4.2
2024-11-07 03:12:07.944: 2230.3,0.2,824.8,2.7,438.6,5.8,396.5,13.2,384.2,12.5,347.0,4.2,337.7,2.2,334.6,1.6,298.9,8.0
2024-11-07 03:12:08.021: 2240.9,0.2,827.8,2.9,594.0,2.2,494.5,1.7,480.7,5.8,400.0,13.2,377.3,4.2,371.5,12.5,355.9,13.7
2024-11-07 03:12:08.098: 2256.5,0.2,844.2,3.0,780.5,2.2,725.5,1.8,410.4,13.2,362.8,5.0,357.6,4.1,352.8,6.1,345.9,13.7
2024-11-07 03:12:08.175: 2251.0,0.2,921.8,1.9,902.5,2.1,832.7,3.0,386.7,13.2,384.5,3.5,375.5,12.8,340.3,6.1,338.8,13.6
2024-11-07 03:12:08.252: 2241.7,0.2,774.6,1.9,623.9,3.0,406.0,12.7,356.9,5.8,351.0,6.1,325.9,3.5,319.1,6.4,300.9,8.2
2024-11-07 03:12:08.329: 2254.3,0.2,432.9,3.0,425.0,1.9,404.5,13.0,337.1,2.7,322.7,8.3,320.2,14.0,309.8,6.1,300.4,6.5
2024-11-07 03:12:08.406: 2249.2,0.2,509.6,2.0,471.9,2.6,431.8,1.7,394.2,13.0,393.5,3.0,365.0,12.6,354.6,8.3,339.0,6.5
2024-11-07 03:12:08.483: 2266.4,0.2,712.4,2.0,571.4,2.6,556.9,1.7,433.6,3.0,417.5,5.7,375.6,8.3,367.8,12.9,363.9,12.6
2024-11-07 03:12:08.560: 2259.9,0.2,883.0,2.0,565.6,2.6,525.4,1.7,444.4,3.0,409.2,5.7,377.4,7.4,376.7,8.3,368.4,12.7
2024-11-07 03:12:08.637: 2271.7,0.2,856.1,2.0,511.0,3.0,488.0,2.7,434.9,1.6,414.3,8.0,379.1,7.4,364.3,5.7,346.1,12.6
2024-11-07 03:12:08.714: 2287.5,0.2,775.0,2.0,569.7,3.0,436.8,8.0,400.0,7.4,389.2,8.6,365.8,6.6,341.3,13.9,331.9,12.6
2024-11-07 03:12:08.792: 2216.5,0.2,563.6,3.0,537.5,2.0,466.9,7.9,462.4,8.3,456.4,8.5,420.7,7.3,345.8,12.3,327.7,5.8
2024-11-07 03:12:08.868: 2204.7,0.2,648.0,2.0,538.3,7.9,508.1,3.0,434.8,7.3,327.9,12.4,320.2,13.3,312.4,13.9,290.7,6.1
2024-11-07 03:12:08.945: 2137.2,0.2,750.6,2.0,627.3,7.9,472.9,3.0,450.5,8.6,388.1,7.3,370.7,5.6,327.8,12.4,324.2,4.9
2024-11-07 03:12:09.022: 2093.7,0.2,792.6,2.0,674.4,7.9,445.6,5.6,436.2,8.7,408.0,2.7,392.8,3.0,388.3,4.9,366.7,7.3
2024-11-07 03:12:09.099: 2160.7,0.2,819.5,2.0,643.0,8.0,621.6,7.7,454.0,5.7,451.7,2.8,392.7,4.8,364.0,7.0,340.7,12.6
2024-11-07 03:12:09.176: 2151.3,0.2,700.1,1.9,661.4,8.0,635.6,7.6,500.6,5.7,496.3,2.9,490.2,4.8,449.6,2.2,348.4,7.0
2024-11-07 03:12:09.253: 2155.6,0.2,804.4,1.9,666.8,7.9,656.1,2.9,522.6,4.8,477.4,5.7,387.2,4.3,323.6,12.6,312.2,12.1
2024-11-07 03:12:09.330: 2113.3,0.2,952.4,1.9,728.3,2.8,685.2,7.8,569.6,5.7,463.4,4.8,415.2,4.2,339.5,12.3,315.7,12.9
2024-11-07 03:12:09.407: 2128.2,0.2,996.0,1.9,692.0,2.8,682.7,7.8,462.2,4.9,458.2,4.2,437.5,5.8,340.1,12.5,296.3,13.8
2024-11-07 03:12:09.484: 2105.3,0.2,1054.0,1.9,724.8,2.8,690.1,7.8,455.5,4.9,455.3,5.8,446.6,4.2,349.6,12.3,305.5,13.0
2024-11-07 03:12:09.561: 2163.9,0.2,1090.8,1.9,673.1,2.8,649.0,7.9,471.9,4.9,433.3,5.8,408.6,4.2,347.0,12.5,316.2,13.8
2024-11-07 03:12:09.638: 2187.8,0.2,1057.3,1.9,648.2,8.0,628.0,2.7,437.2,5.8,397.2,4.9,367.3,4.3,349.4,12.6,298.2,13.8
2024-11-07 03:12:09.715: 2130.4,0.2,1023.5,2.0,610.8,2.7,590.0,7.9,515.4,7.5,452.2,5.7,370.5,4.9,347.1,12.3,340.5,1.5
2024-11-07 03:12:09.792: 2082.2,0.2,1022.6,2.0,632.9,2.7,571.1,7.9,542.8,1.5,439.1,5.7,409.1,4.9,340.9,12.4,312.5,12.9
2024-11-07 03:12:09.869: 2057.3,0.2,1007.9,2.0,702.3,1.6,679.8,2.7,564.0,7.9,450.1,4.9,424.6,5.6,330.7,12.4,301.5,12.9
2024-11-07 03:12:09.946: 2051.4,0.2,966.5,2.0,773.6,1.7,730.7,2.7,605.8,8.0,500.6,5.7,463.7,7.3,429.4,4.8,335.9,12.3
2024-11-07 03:12:10.023: 2078.9,0.2,877.9,1.9,743.4,2.7,638.6,8.0,494.1,7.3,425.7,5.6,407.6,4.8,336.6,12.3,301.9,13.6
2024-11-07 03:12:10.100: 2130.0,0.2,790.7,1.9,732.0,2.7,629.5,7.9,476.0,5.6,475.3,7.3,352.5,4.8,327.7,6.4,314.1,12.9
2024-11-07 03:12:10.177: 2114.7,0.2,669.2,2.8,584.9,7.9,572.0,1.9,519.9,7.3,518.8,5.7,375.5,6.4,349.5,12.9,345.3,1.4
2024-11-07 03:12:10.254: 2122.7,0.2,648.8,2.9,574.1,7.9,540.6,5.7,505.6,7.3,477.7,8.5,383.7,1.9,352.5,12.3,339.7,1.3
2024-11-07 03:12:10.331: 2177.3,0.2,565.3,7.9,547.4,2.9,545.2,5.7,532.0,1.9,432.9,1.4,321.7,12.3,315.3,3.8,301.1,13.0
2024-11-07 03:12:10.408: 2204.3,0.2,684.9,2.0,600.2,2.8,556.1,8.0,551.8,5.8,478.4,1.4,469.0,7.5,307.1,12.3,303.4,13.2
2024-11-07 03:12:10.485: 2163.2,0.2,809.0,2.7,717.9,2.0,596.0,7.9,393.2,1.4,384.5,8.6,361.0,4.5,351.0,12.3,315.0,5.8
2024-11-07 03:12:10.562: 2134.2,0.2,959.1,2.7,662.8,2.0,646.6,7.8,420.1,5.7,412.4,8.6,381.7,4.4,346.0,12.3,291.9,12.9
2024-11-07 03:12:10.639: 2110.4,0.2,1035.9,2.7,638.1,7.8,593.9,2.0,415.6,8.6,404.4,5.8,361.5,12.3,321.0,4.4,294.3,6.4
2024-11-07 03:12:10.716: 2136.6,0.2,1040.1,2.7,608.6,7.9,560.5,2.0,447.3,7.3,364.1,5.6,357.4,12.3,341.0,6.1,311.1,13.3
2024-11-07 03:12:10.793: 2198.2,0.2,1032.0,2.7,567.9,8.0,548.3,2.0,529.7,5.7,343.7,12.6,289.4,13.6,245.2,6.6,224.5,12.0
2024-11-07 03:12:10.870: 2160.4,0.2,1058.5,2.7,558.8,8.0,557.4,7.8,556.8,2.0,546.9,5.7,333.1,12.4,317.4,13.6,308.7,6.1
2024-11-07 03:12:10.947: 2160.0,0.2,1065.3,2.7,629.0,5.8,612.6,7.8,540.7,2.0,483.6,3.2,338.9,6.1,332.3,12.6,275.1,13.4
2024-11-07 03:12:11.024: 2133.9,0.2,1091.6,2.7,642.3,5.7,630.5,2.0,615.0,7.8,520.6,3.2,343.2,6.1,320.5,12.5,282.3,14.1
2024-11-07 03:12:11.101: 2118.2,0.2,1061.2,2.7,739.3,2.0,590.6,7.9,546.2,5.7,509.8,3.2,349.4,6.1,317.6,12.8,301.4,1.4
2024-11-07 03:12:11.178: 2106.8,0.2,1049.7,2.7,803.5,2.0,608.7,8.0,571.6,5.7,511.0,3.2,447.9,7.3,348.7,1.4,346.1,6.1
2024-11-07 03:12:11.255: 2078.6,0.2,1068.9,2.7,820.2,2.0,622.6,8.0,532.5,3.2,502.7,5.6,456.1,7.3,375.5,1.4,366.9,6.1
2024-11-07 03:12:11.332: 2091.2,0.2,1058.5,2.7,793.5,2.0,610.5,8.0,531.2,3.2,522.6,5.7,457.5,7.3,360.2,1.4,336.9,6.1
2024-11-07 03:12:11.409: 2083.9,0.2,1048.3,2.7,759.0,2.0,616.0,8.0,531.5,5.7,514.1,3.2,458.1,7.3,361.8,6.1,354.9,1.4
2024-11-07 03:12:11.486: 2070.5,0.2,1051.7,2.7,746.3,2.0,618.9,8.0,518.1,5.7,517.1,3.2,452.0,7.3,348.5,6.1,339.3,1.4
2024-11-07 03:12:11.563: 2083.2,0.2,1088.2,2.7,737.0,2.0,624.2,7.9,529.4,3.2,494.2,5.6,437.2,7.3,380.3,6.1,337.2,1.4
2024-11-07 03:12:11.640: 2073.0,0.2,1111.7,2.7,679.8,2.0,621.8,7.8,535.4,5.7,529.5,3.2,370.8,6.1,341.3,12.4,321.3,14.2
2024-11-07 03:12:11.717: 2075.0,0.2,1069.8,2.7,639.0,7.8,576.8,2.0,525.8,5.6,476.1,3.2,385.0,6.1,347.4,12.4,315.1,14.2
2024-11-07 03:12:11.794: 2088.7,0.2,907.8,2.7,657.5,5.7,623.9,7.7,497.1,8.5,495.3,2.0,360.3,3.1,352.8,12.4,326.1,6.1
2024-11-07 03:12:11.871: 2114.0,0.2,828.3,2.7,673.5,7.7,489.7,5.6,408.2,3.1,407.5,2.0,394.3,7.3,340.5,12.4,315.6,13.8
2024-11-07 03:12:11.948: 2125.4,0.2,815.9,2.7,669.6,7.7,450.9,3.1,413.6,5.6,373.1,2.0,328.4,12.3,314.6,6.0,312.9,13.8
2024-11-07 03:12:12.025: 2161.0,0.2,716.6,2.7,623.0,7.6,576.9,8.1,425.4,2.0,405.3,3.1,391.6,1.7,376.2,5.6,366.8,7.0
2024-11-07 03:12:12.102: 2186.5,0.2,642.4,2.6,589.2,8.3,578.3,7.6,543.6,1.6,410.8,2.0,398.4,2.3,393.4,5.5,391.8,7.0
2024-11-07 03:12:12.179: 2152.9,0.2,590.2,7.6,586.1,1.7,578.7,2.6,548.5,8.3,511.2,5.6,452.5,2.3,388.5,2.0,369.5,7.0
2024-11-07 03:12:12.256: 2150.0,0.2,647.2,1.6,598.8,7.6,507.3,2.3,495.9,8.1,450.3,2.0,413.2,5.7,388.5,2.6,356.2,2.7
2024-11-07 03:12:12.333: 2245.2,0.2,729.3,1.5,613.6,7.6,558.4,2.0,472.1,5.7,405.1,2.3,347.9,2.6,314.9,12.3,314.4,6.9
2024-11-07 03:12:12.410: 2237.9,0.2,803.9,1.5,614.3,7.6,477.1,2.0,461.0,2.3,374.7,2.8,374.4,8.6,345.2,12.9,342.8,5.7
2024-11-07 03:12:12.487: 2186.2,0.2,749.2,2.0,735.5,1.5,599.3,2.8,533.9,7.6,482.1,2.3,396.2,8.6,333.2,12.9,331.1,4.3
2024-11-07 03:12:12.564: 2150.3,0.2,917.1,2.0,731.2,2.8,662.1,1.5,489.5,7.7,484.2,2.3,359.7,4.2,327.0,5.5,321.3,8.7
2024-11-07 03:12:12.641: 2205.3,0.2,654.8,2.0,575.3,1.4,537.3,2.8,495.4,7.5,458.4,2.3,414.3,5.7,323.9,4.2,310.3,12.9
2024-11-07 03:12:12.718: 2294.7,0.2,598.5,2.0,501.8,2.4,500.0,2.9,490.2,7.5,410.6,1.4,408.2,2.6,346.3,5.5,327.4,4.5
2024-11-07 03:12:12.795: 2272.9,0.2,759.6,2.0,495.5,1.4,454.0,2.9,445.9,7.4,376.3,2.4,349.7,8.7,347.3,7.9,329.3,5.6
2024-11-07 03:12:12.872: 2280.9,0.2,759.1,1.5,727.0,1.9,631.4,2.8,462.3,2.6,436.7,7.4,429.6,2.4,347.6,8.7,345.9,7.9
2024-11-07 03:12:12.949: 2297.1,0.2,724.3,1.7,586.2,2.8,394.6,2.6,389.6,7.9,382.4,7.4,361.1,6.1,311.3,2.4,310.0,8.6
2024-11-07 03:12:13.026: 2260.0,0.2,819.4,1.7,454.8,2.9,370.9,7.4,367.1,7.9,358.8,6.1,351.4,3.6,315.4,8.7,311.7,14.0
2024-11-07 03:12:13.103: 2257.3,0.2,844.2,1.7,401.3,6.1,396.4,7.5,390.1,2.9,363.9,7.9,316.1,13.2,312.3,14.0,311.3,3.8
2024-11-07 03:12:13.180: 2257.8,0.2,855.1,1.8,607.7,1.4,520.1,6.1,408.9,2.9,403.8,7.3,376.1,8.1,341.9,8.6,313.5,13.2
2024-11-07 03:12:13.257: 2279.7,0.2,847.5,1.9,525.6,1.4,464.9,5.8,398.7,7.4,395.7,2.8,373.6,3.5,359.5,7.9,296.8,13.1
2024-11-07 03:12:13.334: 2254.8,0.2,595.4,2.0,531.6,2.8,509.4,5.8,503.7,1.4,404.0,3.6,383.9,8.2,380.9,7.4,351.0,2.4
2024-11-07 03:12:13.411: 2216.2,0.2,581.5,2.8,551.5,1.4,506.4,2.0,479.4,2.4,473.1,2.6,410.7,7.9,406.3,3.7,395.6,7.3
2024-11-07 03:12:13.488: 2272.6,0.2,464.5,2.9,464.4,2.4,439.1,1.5,437.4,2.1,417.5,2.6,408.6,7.9,399.0,7.4,352.9,6.5
2024-11-07 03:12:13.565: 2277.3,0.2,443.8,1.5,428.9,7.4,420.7,2.4,404.5,2.2,402.5,7.9,381.2,5.7,378.6,2.9,373.8,6.5
2024-11-07 03:12:13.642: 2282.5,0.2,456.4,1.6,426.5,7.3,420.6,2.4,406.2,2.9,398.9,7.9,390.9,2.6,385.3,6.5,371.1,3.3
2024-11-07 03:12:13.719: 2262.9,0.2,462.9,1.5,457.5,7.3,423.3,3.3,420.6,2.4,403.6,5.8,397.2,6.5,362.6,7.9,340.7,2.9
2024-11-07 03:12:13.796: 2252.5,0.2,634.1,2.0,577.6,5.7,549.7,2.8,507.0,1.5,451.5,7.4,378.9,6.5,366.9,8.0,350.6,2.3
2024-11-07 03:12:13.873: 2229.8,0.2,613.5,2.0,549.6,2.8,521.3,1.5,472.0,5.7,444.4,7.4,411.5,2.3,392.8,3.3,385.5,7.9
2024-11-07 03:12:13.950: 2283.6,0.2,560.1,1.5,453.3,7.5,429.3,2.0,403.3,2.4,401.4,3.3,386.4,2.8,365.3,7.9,355.1,6.5
2024-11-07 03:12:14.027: 2276.6,0.2,613.8,1.5,463.0,2.0,452.3,2.8,440.5,7.5,428.4,2.4,383.1,3.3,347.4,7.9,335.4,12.9
2024-11-07 03:12:14.104: 2234.6,0.2,693.1,2.0,673.3,2.8,620.8,1.5,481.3,7.4,385.6,2.3,338.3,8.5,331.6,12.9,326.5,8.0
2024-11-07 03:12:14.180: 2184.5,0.2,758.4,2.0,706.2,2.8,644.5,1.5,452.2,2.3,438.7,7.4,395.6,5.6,349.7,3.3,329.8,6.4
2024-11-07 03:12:14.256: 2278.5,0.2,805.4,1.5,501.3,2.8,440.2,2.4,425.9,7.5,418.8,2.0,379.8,5.8,379.4,3.3,352.0,7.9
2024-11-07 03:12:14.333: 2298.4,0.2,947.1,1.5,490.8,2.8,444.3,7.5,434.6,2.4,418.9,3.3,349.9,7.9,334.3,8.7,326.8,5.7
2024-11-07 03:12:14.410: 2292.7,0.2,1002.0,1.5,603.6,2.8,463.5,2.4,435.7,7.6,397.9,3.3,394.4,7.9,318.1,2.0,308.4,13.5
2024-11-07 03:12:14.486: 2330.3,0.2,870.7,1.5,727.0,2.9,576.1,2.1,518.9,2.3,507.8,7.6,393.4,3.4,345.2,5.2,330.9,12.6
2024-11-07 03:12:14.563: 2339.8,0.2,912.2,1.6,599.0,2.3,558.0,2.9,529.3,7.6,411.1,5.8,380.2,2.0,375.7,8.6,359.5,5.2
2024-11-07 03:12:14.639: 2323.5,0.2,845.4,1.6,631.9,2.3,572.4,7.6,379.8,5.1,378.7,8.6,361.8,5.8,330.6,3.9,315.1,13.9
2024-11-07 03:12:14.715: 2323.7,0.2,869.2,1.6,660.0,2.3,558.7,7.6,485.3,8.1,453.5,2.6,436.1,5.1,344.5,5.8,311.8,12.6
2024-11-07 03:12:14.792: 2316.9,0.2,975.0,1.7,725.4,2.3,556.3,7.6,486.0,8.3,467.5,2.6,377.1,5.1,324.0,12.6,303.4,14.1
2024-11-07 03:12:14.869: 2336.2,0.2,1153.7,1.7,774.8,2.3,571.7,7.6,496.3,8.0,325.7,6.9,319.1,12.6,311.7,13.6,299.6,14.0
2024-11-07 03:12:14.945: 2358.6,0.2,1277.8,1.7,780.3,2.3,550.9,7.6,504.2,8.0,448.2,5.7,377.1,8.6,335.8,6.9,326.5,12.7
2024-11-07 03:12:15.021: 2353.7,0.2,1358.9,1.7,801.3,2.3,540.0,7.7,505.0,8.0,415.1,5.7,393.4,2.8,316.3,13.6,316.1,13.9
2024-11-07 03:12:15.098: 2322.4,0.2,1333.0,1.7,778.8,2.3,520.9,7.6,480.5,8.2,386.1,2.8,333.7,7.0,319.3,12.6,313.2,13.6
2024-11-07 03:12:15.175: 2300.3,0.2,1261.3,1.7,702.9,2.3,580.7,7.6,448.9,2.6,424.6,8.4,413.4,5.8,364.5,7.0,356.9,2.8
2024-11-07 03:12:15.252: 2292.1,0.2,1141.7,1.7,635.6,2.3,571.6,7.6,407.7,8.6,379.0,7.0,351.3,13.1,349.3,12.8,339.7,2.6
2024-11-07 03:12:15.329: 2281.9,0.2,1111.7,1.7,629.7,2.3,544.7,7.6,453.6,8.2,426.0,5.8,398.0,7.0,358.6,2.7,347.3,13.2
2024-11-07 03:12:15.405: 2255.2,0.2,1150.1,1.7,671.5,2.3,533.8,7.6,474.6,8.3,430.9,2.7,423.1,3.3,388.8,7.0,360.3,5.7
2024-11-07 03:12:15.481: 2291.2,0.2,1073.4,1.7,656.4,2.3,565.3,7.7,534.0,2.7,527.2,8.2,421.4,3.2,398.6,5.8,373.9,7.0
2024-11-07 03:12:15.558: 2330.8,0.2,1106.2,1.7,663.1,2.3,594.4,7.9,593.3,2.7,584.4,8.2,449.6,8.7,404.5,7.0,387.5,3.2
2024-11-07 03:12:15.635: 2340.1,0.2,1159.2,1.7,656.4,2.3,640.5,2.7,610.4,7.9,451.2,8.7,420.9,7.3,417.6,7.0,399.0,5.8
2024-11-07 03:12:15.711: 2343.6,0.2,1180.2,1.7,664.8,2.3,644.1,8.0,642.0,2.8,461.8,7.4,447.7,5.8,421.5,7.0,337.9,13.9
2024-11-07 03:12:15.787: 2323.7,0.2,1185.7,1.7,666.8,8.2,659.4,2.3,637.8,2.8,468.9,7.4,417.5,7.0,354.3,3.9,347.2,13.9
2024-11-07 03:12:15.863: 2333.4,0.2,1221.9,1.7,660.0,2.3,645.7,8.2,600.7,2.8,526.7,7.4,513.6,5.8,438.0,7.0,349.0,13.9
2024-11-07 03:12:15.939: 2345.2,0.2,1214.2,1.7,620.0,8.3,585.8,2.3,573.0,7.4,566.8,2.8,443.6,7.0,355.1,14.0,336.4,12.4
2024-11-07 03:12:16.015: 2367.1,0.2,1282.2,1.7,664.2,8.0,594.0,7.4,566.9,2.8,556.3,2.3,425.7,7.0,393.3,5.8,359.7,14.0
2024-11-07 03:12:16.091: 2357.2,0.2,1305.8,1.7,646.0,8.0,644.6,7.4,571.5,2.8,564.4,2.3,385.5,4.1,380.4,7.0,362.7,5.8
2024-11-07 03:12:16.167: 2322.9,0.2,1237.8,1.7,702.2,7.4,632.4,2.8,625.0,8.0,569.2,2.3,376.7,7.0,370.9,4.2,340.0,13.9
2024-11-07 03:12:16.243: 2268.8,0.2,1091.5,1.7,678.3,2.8,666.5,7.4,635.7,8.0,558.2,2.3,377.9,5.6,339.3,13.2,335.3,4.2
2024-11-07 03:12:16.319: 2274.0,0.2,1039.6,1.6,659.3,8.0,652.2,2.8,620.0,7.5,521.9,2.3,452.2,5.7,370.6,4.2,367.8,7.1
2024-11-07 03:12:16.395: 2265.6,0.2,1069.6,1.5,684.4,7.9,617.2,2.8,584.5,7.5,472.2,2.3,388.0,13.2,372.6,7.1,355.8,4.2
2024-11-07 03:12:16.471: 2272.1,0.2,1076.6,1.5,681.5,8.0,568.1,7.5,563.5,2.8,453.6,2.3,398.0,13.2,378.5,7.1,351.3,5.6
2024-11-07 03:12:16.547: 2275.8,0.2,1093.9,1.5,666.8,8.0,568.0,2.8,567.7,7.5,453.8,2.3,394.8,13.2,377.9,4.2,368.3,7.0
2024-11-07 03:12:16.623: 2269.7,0.2,1102.1,1.5,675.1,8.0,579.0,2.8,558.2,7.5,457.1,2.3,412.3,13.2,407.7,4.2,374.4,7.0
2024-11-07 03:12:16.699: 2275.9,0.2,1148.3,1.5,671.2,8.0,603.9,2.8,568.6,7.5,479.3,2.3,400.2,4.2,398.0,13.2,372.4,8.7
2024-11-07 03:12:16.775: 2255.1,0.2,1098.1,1.8,665.5,7.5,648.5,2.8,603.2,8.0,490.1,2.3,376.9,5.6,364.6,4.2,355.2,13.2
2024-11-07 03:12:16.851: 2234.6,0.2,1146.1,1.8,703.3,7.5,681.3,2.8,582.2,8.0,488.7,2.3,406.4,5.7,397.4,4.2,349.0,13.3
2024-11-07 03:12:16.927: 2216.7,0.2,1067.2,1.8,988.8,1.5,701.3,2.8,682.4,7.5,594.5,8.1,516.0,5.7,509.7,2.3,399.9,4.2
2024-11-07 03:12:17.003: 2201.9,0.2,957.1,1.5,912.7,1.8,669.6,7.5,650.5,2.8,590.6,8.1,535.8,2.3,400.5,7.1,379.0,5.7
2024-11-07 03:12:17.079: 2215.0,0.2,919.7,1.5,715.4,1.9,637.7,7.5,616.0,2.8,586.4,8.1,517.9,2.3,428.5,5.7,397.1,7.1
2024-11-07 03:12:17.155: 2240.2,0.2,891.7,1.4,661.6,7.5,643.5,2.8,633.8,1.8,554.0,8.1,520.5,2.3,429.7,7.1,354.3,13.9
2024-11-07 03:12:17.231: 2254.0,0.2,865.1,1.4,705.6,7.5,666.8,1.9,652.8,2.8,551.8,8.1,539.6,2.3,440.0,5.7,433.6,7.1
2024-11-07 03:12:17.307: 2265.1,0.2,863.0,1.4,676.4,7.5,627.8,2.8,597.3,8.0,585.2,1.9,532.4,2.3,426.5,7.0,352.6,4.2
2024-11-07 03:12:17.383: 2286.6,0.2,893.4,1.4,645.9,8.0,626.1,7.5,618.1,2.8,610.4,1.9,510.6,2.3,452.1,5.6,411.4,7.0
2024-11-07 03:12:17.459: 2320.0,0.2,926.2,1.5,732.2,2.0,665.7,8.0,620.6,7.6,618.2,2.8,495.0,2.3,398.4,7.1,367.3,4.1
2024-11-07 03:12:17.535: 2363.7,0.2,921.4,1.5,781.5,2.0,642.4,8.0,641.0,7.5,609.6,2.8,369.8,5.7,347.4,13.2,297.6,6.8
2024-11-07 03:12:17.611: 2321.7,0.2,779.8,1.5,775.7,1.9,684.2,7.5,671.0,2.8,604.4,8.1,531.6,5.7,354.9,13.2,304.6,14.7
2024-11-07 03:12:17.687: 2310.2,0.2,721.0,7.5,679.9,1.9,617.5,8.0,599.4,5.8,574.4,2.8,566.4,1.4,362.4,2.4,338.8,12.9
2024-11-07 03:12:17.763: 2320.9,0.2,693.4,7.5,649.6,8.1,532.4,5.7,459.7,2.8,434.1,1.4,426.7,1.9,406.4,2.4,357.9,12.8
2024-11-07 03:12:17.839: 2370.7,0.2,693.7,7.5,616.6,8.1,446.0,5.7,408.6,1.5,388.8,2.8,388.2,4.5,384.0,2.4,355.8,12.7
2024-11-07 03:12:17.915: 2398.5,0.2,626.2,7.5,613.3,8.0,452.1,1.4,450.2,8.6,430.5,5.7,401.4,2.8,400.8,7.1,360.9,2.4
2024-11-07 03:12:17.991: 2395.7,0.2,582.2,8.0,580.9,7.6,461.8,1.4,448.1,8.7,427.8,7.1,403.0,2.8,382.6,4.2,360.3,13.2
2024-11-07 03:12:18.067: 2365.6,0.2,601.5,7.6,598.0,7.9,497.2,1.5,428.5,7.0,421.7,2.8,404.7,8.7,378.4,13.2,348.9,2.3
2024-11-07 03:12:18.143: 2354.3,0.2,595.5,1.5,589.7,7.5,569.0,8.0,485.7,2.0,421.8,7.0,407.6,3.3,397.1,2.8,378.1,4.8
2024-11-07 03:12:18.219: 2352.5,0.2,712.2,1.5,689.2,2.0,580.9,7.5,491.0,8.0,412.9,7.0,409.4,3.3,403.2,2.8,362.3,13.9
2024-11-07 03:12:18.295: 2332.9,0.2,766.1,1.5,752.8,2.0,543.3,7.5,486.1,7.9,465.7,3.3,420.6,2.8,409.1,7.0,360.1,13.9
2024-11-07 03:12:18.371: 2319.8,0.2,811.5,1.5,735.1,2.0,525.5,7.9,517.6,7.7,504.5,3.3,471.7,2.8,409.3,7.0,408.0,5.7
2024-11-07 03:12:18.447: 2368.2,0.2,896.2,1.6,697.3,2.0,530.0,7.6,511.1,3.3,497.5,7.9,479.9,2.8,410.0,7.0,361.4,12.6
2024-11-07 03:12:18.523: 2404.9,0.2,1001.2,1.6,696.8,2.0,538.3,7.6,523.7,3.3,502.4,2.8,453.5,8.0,404.3,7.0,387.5,5.6
2024-11-07 03:12:18.599: 2419.7,0.2,1080.8,1.6,586.4,7.6,555.7,2.0,534.3,3.3,489.9,2.9,434.3,8.0,403.7,7.0,401.5,8.4
2024-11-07