2024-11-07 03:17:22.468: 2058.7,0.2,378.9,9.1,372.5,13.5,343.3,14.0,272.3,5.8,270.3,10.1,256.7,8.3,235.2,17.0,207.6,2.6
2024-11-07 03:17:22.545: 1883.3,0.2,431.7,4.5,386.9,2.6,327.1,2.8,313.6,5.7,264.3,3.9,260.7,13.5,248.4,9.0,230.5,6.9
2024-11-07 03:17:22.622: 1827.7,0.2,476.8,4.5,304.8,5.1,270.2,2.8,264.1,4.1,262.9,5.7,247.8,5.9,239.4,6.9,236.8,3.6
2024-11-07 03:17:22.699: 1831.6,0.2,401.0,4.5,299.7,3.6,284.1,3.0,251.6,4.2,216.4,5.7,214.4,2.6,205.8,1.9,188.7,8.0
2024-11-07 03:17:22.776: 1793.8,0.2,387.4,2.6,383.4,2.0,318.2,4.5,277.4,4.8,236.6,5.8,230.9,5.5,226.9,6.0,225.0,6.6
2024-11-07 03:17:22.853: 1783.0,0.2,445.5,2.6,338.9,4.5,304.7,2.0,283.9,6.3,252.9,5.5,222.9,4.1,205.3,7.1,183.4,3.8
2024-11-07 03:17:22.929: 1773.7,0.2,552.8,2.6,336.1,4.5,286.4,5.7,241.0,4.8,211.7,3.6,207.0,6.2,159.0,7.1,152.3,2.0
2024-11-07 03:17:23.002: 1765.0,0.2,512.1,2.6,340.0,2.1,320.1,4.9,264.8,5.7,253.9,4.4,158.3,3.9
2024-11-07 03:17:23.075: 1755.0,0.2,505.6,2.1,490.3,2.6,238.0,5.7,218.2,5.4,213.7,4.1,208.6,4.9
2024-11-07 03:17:23.148: 1894.4,0.2,442.7,2.6,397.3,2.0,296.1,3.0,278.3,5.7,226.9,3.6,192.1,5.1
2024-11-07 03:17:23.219: 2083.5,0.2,365.3,2.6,349.4,2.2,299.2,5.7,258.1,3.6,199.7,3.2
2024-11-07 03:17:23.295: 2235.6,0.2,362.1,2.6,338.4,1.9,303.1,5.8,272.7,2.4,252.5,3.0,236.5,3.6,183.0,3.8,170.1,4.5
2024-11-07 03:17:23.371: 2265.4,0.2,291.8,1.8,240.2,3.0,234.6,5.8,219.4,2.6,182.9,2.4,178.9,3.6,156.8,4.2,152.0,4.6
2024-11-07 03:17:23.446: 2229.2,0.2,451.7,2.2,297.2,2.9,258.1,2.6,254.8,5.7,205.8,3.5,162.6,5.0,151.6,4.6
2024-11-07 03:17:23.515: 2204.7,0.2,389.6,2.6,359.5,5.7,348.7,2.3,154.9,5.1
2024-11-07 03:17:23.588: 2133.9,0.2,475.9,2.6,387.9,2.3,302.0,5.8,247.4,3.5,216.9,5.1,182.6,4.4
2024-11-07 03:17:23.664: 2086.9,0.2,376.2,5.7,372.1,2.6,324.4,2.3,324.2,2.8,281.4,4.3,211.8,5.0,208.2,3.3,189.5,6.2
2024-11-07 03:17:23.740: 2100.6,0.2,369.9,2.9,335.4,2.6,328.2,2.3,297.1,5.7,253.1,6.1,240.6,4.6,218.0,5.1,192.2,3.5
2024-11-07 03:17:23.816: 2039.4,0.2,294.2,2.8,277.4,1.6,275.9,4.7,256.9,5.5,248.3,4.2,215.1,2.6,209.4,6.0,206.4,3.6
2024-11-07 03:17:23.892: 2035.1,0.2,290.7,2.7,284.6,1.6,245.0,5.1,232.7,4.0,231.8,4.8,221.5,5.5,219.6,3.6,214.1,6.3
2024-11-07 03:17:23.968: 2037.4,0.2,435.3,2.2,364.4,2.8,284.4,1.7,271.3,4.8,215.8,4.2,203.9,3.6,178.5,6.0,177.4,5.5
2024-11-07 03:17:24.044: 1981.4,0.2,516.3,2.3,479.3,2.6,431.4,3.0,285.9,5.6,277.5,1.7,260.2,5.0,260.0,4.6,223.1,4.1
2024-11-07 03:17:24.120: 2004.6,0.2,590.3,2.3,442.9,2.6,337.9,5.1,334.3,1.7,313.8,2.9,205.8,5.8,199.8,4.3,173.7,3.9
2024-11-07 03:17:24.196: 1968.7,0.2,739.5,2.3,426.3,1.7,308.3,4.8,283.8,5.4,252.5,2.8,225.8,3.7,223.1,6.0,216.7,3.2
2024-11-07 03:17:24.272: 1978.2,0.2,598.9,2.1,426.7,1.8,356.0,5.8,340.6,3.5,323.9,5.1,313.5,2.6,269.9,3.9,190.9,4.2
2024-11-07 03:17:24.283: {"ERROR":"Input size violation! Max is 80"}
2024-11-07 03:17:24.293: {"UnknownCommand":"5"}
2024-11-07 03:17:24.303: {"UnknownCommand":"0"}
2024-11-07 03:17:24.345: 1958.9,0.2,588.5,2.2,439.2,2.6,377.9,3.9,337.2,3.6,305.2,5.8,295.7,5.2
2024-11-07 03:17:24.420: 1968.5,0.2,524.4,2.1,433.0,2.6,421.7,3.8,419.1,5.0,393.8,4.2,314.3,3.2,280.0,5.7
2024-11-07 03:17:24.496: 1956.0,0.2,409.4,2.6,383.6,5.7,374.7,3.2,367.7,3.6,362.7,4.9,318.8,4.0,315.0,2.4,261.2,1.7
2024-11-07 03:17:24.569: 2024.8,0.2,465.2,2.6,383.3,3.1,376.0,3.9,361.4,5.7,333.9,4.9,310.1,3.6
2024-11-07 03:17:24.642: 2061.1,0.2,508.8,2.6,384.6,5.8,284.4,4.1,273.0,1.7,272.7,5.0,259.3,4.6
2024-11-07 03:17:24.718: 1934.6,0.2,377.8,3.1,369.1,2.6,361.4,1.7,348.0,5.8,279.6,3.9,251.2,4.3,230.8,4.7,230.5,3.5
2024-11-07 03:17:24.794: 1936.4,0.2,637.9,2.6,542.5,2.4,383.8,5.8,324.2,3.0,236.5,5.0,221.6,1.8,198.0,4.4,197.3,3.9
2024-11-07 03:17:24.869: 1911.3,0.2,453.1,5.7,410.1,2.7,345.0,2.4,288.2,3.4,247.7,1.7,240.3,4.3,187.2,5.0
2024-11-07 03:17:24.945: 1919.5,0.2,453.9,2.8,311.2,5.7,247.5,3.5,237.7,4.2,230.9,5.2,230.5,1.9,221.0,6.1,188.5,2.4
2024-11-07 03:17:25.021: 1959.0,0.2,471.3,2.8,294.8,5.8,216.8,3.7,210.1,5.1,206.7,4.5,192.1,1.9,170.3,6.1,160.4,4.1
2024-11-07 03:17:25.094: 2014.1,0.2,463.2,5.8,433.0,3.3,292.3,4.5,194.2,5.1,178.4,4.0,172.6,6.3
2024-11-07 03:17:25.170: 1964.2,0.2,365.2,3.3,330.4,2.6,308.5,2.9,275.1,5.0,266.2,5.6,260.4,5.8,255.1,4.0,224.3,4.4
2024-11-07 03:17:25.246: 2039.7,0.2,392.2,5.8,308.8,2.0,284.9,2.6,277.1,5.1,262.0,3.2,236.6,2.9,221.5,4.2,199.6,3.9
2024-11-07 03:17:25.322: 1969.9,0.2,483.0,5.7,408.2,2.0,331.4,3.4,270.8,5.1,218.8,2.9,160.7,14.0,160.0,14.8,151.9,4.5
2024-11-07 03:17:25.397: 1980.7,0.2,501.9,5.7,360.1,3.5,297.6,3.0,282.7,4.0,237.6,6.1,234.7,5.1,212.7,2.0
2024-11-07 03:17:25.472: 2033.5,0.2,435.1,5.7,360.7,3.3,239.2,2.6,228.2,2.0,227.9,3.9,211.5,4.9,200.9,6.5
2024-11-07 03:17:25.548: 2096.9,0.2,768.6,2.6,455.5,5.8,396.3,2.0,366.9,3.6,279.6,3.2,199.9,6.1,177.2,4.8,176.0,6.4
2024-11-07 03:17:25.624: 2063.1,0.2,704.3,2.6,604.3,2.4,372.1,5.8,369.4,3.8,316.5,3.2,164.9,4.8,164.5,6.8,152.3,1.6
2024-11-07 03:17:25.697: 2039.8,0.2,703.4,2.6,355.2,5.7,292.9,3.8,286.2,2.0,214.5,4.8,151.9,7.0
2024-11-07 03:17:25.772: 2033.8,0.2,712.4,2.6,400.7,5.8,357.2,2.0,303.8,4.8,301.3,3.8,173.1,7.0,161.9,6.4
2024-11-07 03:17:25.848: 2045.1,0.2,490.1,2.8,484.8,2.6,395.8,3.9,291.2,5.8,267.0,5.5,257.6,3.5,256.6,2.1,203.0,4.3
2024-11-07 03:17:25.923: 2011.2,0.2,384.5,2.6,332.3,3.1,279.9,3.9,272.0,4.2,269.7,4.5,226.4,5.7,151.6,4.9
2024-11-07 03:17:25.996: 1949.8,0.2,399.7,3.0,328.9,2.6,328.3,5.8,272.4,3.9,234.4,4.3,179.8,6.4
2024-11-07 03:17:26.071: 1991.0,0.2,375.9,3.0,326.6,3.8,278.0,5.8,220.8,2.6,218.8,4.5,185.3,5.3,158.3,1.9
2024-11-07 03:17:26.147: 2001.6,0.2,305.0,3.7,298.4,5.7,285.2,2.6,273.1,2.9,260.3,5.3,252.3,6.3,191.2,4.8,176.5,4.5
2024-11-07 03:17:26.223: 1973.2,0.2,512.2,2.0,503.6,2.6,418.2,5.8,271.9,6.3,265.3,3.7,260.2,5.2,163.8,4.4,161.7,7.1
2024-11-07 03:17:26.298: 1973.7,0.2,588.6,2.6,471.1,2.3,332.1,5.8,301.2,6.4,266.6,4.2,249.9,5.4,204.4,3.8
2024-11-07 03:17:26.374: 1988.5,0.2,569.3,2.6,485.9,2.0,365.6,5.8,249.1,6.4,205.3,4.1,203.2,3.9,186.5,4.9,158.2,7.3
2024-11-07 03:17:26.450: 1969.7,0.2,530.1,5.8,430.0,2.6,394.5,3.3,387.1,1.9,247.8,4.0,243.9,6.3,193.5,5.1,175.4,6.8
2024-11-07 03:17:26.526: 2010.4,0.2,439.4,2.9,413.8,5.7,392.7,3.3,305.3,6.3,291.1,4.2,263.4,1.7,249.4,5.1,217.7,2.1
2024-11-07 03:17:26.602: 2032.6,0.2,549.3,5.6,410.0,3.3,337.3,4.1,327.7,3.9,305.9,5.1,303.3,2.6,302.3,6.1,301.3,6.2
2024-11-07 03:17:26.678: 2032.1,0.2,520.1,5.8,471.1,5.5,383.1,2.6,351.3,6.5,326.2,4.1,295.5,5.0,274.4,3.4,243.6,3.2
2024-11-07 03:17:26.754: 2013.8,0.2,438.8,5.8,364.9,5.4,364.3,4.1,357.0,6.7,304.8,2.6,292.3,4.8,277.6,1.8,207.8,8.0
2024-11-07 03:17:26.830: 2018.4,0.2,549.2,5.8,357.0,5.4,355.9,6.6,334.0,2.0,324.9,2.6,277.4,4.9,271.7,2.9,260.7,4.1
2024-11-07 03:17:26.906: 2042.1,0.2,392.9,6.9,387.4,2.6,330.8,5.8,329.9,5.3,311.0,4.5,283.4,6.3,277.4,2.0,253.5,3.9
2024-11-07 03:17:26.982: 1996.6,0.2,594.3,2.0,373.9,2.8,306.7,5.8,293.7,5.2,285.6,7.0,266.8,6.3,258.7,4.4,248.8,4.0
2024-11-07 03:17:27.058: 1991.9,0.2,433.0,2.6,384.7,5.1,362.0,2.0,347.8,6.8,324.1,3.5,317.4,1.8,299.0,5.8,239.0,4.5
2024-11-07 03:17:27.134: 1983.4,0.2,432.8,2.6,374.0,3.9,337.3,2.1,262.6,5.1,262.1,5.7,259.2,7.4,238.9,4.5,218.5,6.9
2024-11-07 03:17:27.210: 2002.0,0.2,383.7,2.6,343.6,3.5,342.4,2.0,278.8,5.8,237.1,3.9,221.4,4.6,221.0,5.2,212.1,6.4
2024-11-07 03:17:27.286: 2017.2,0.2,367.9,3.5,317.1,3.0,315.4,5.8,301.7,3.9,233.7,2.6,195.5,4.6,190.4,5.1,180.2,6.9
2024-11-07 03:17:27.362: 2019.8,0.2,318.7,3.9,275.8,4.5,259.5,2.6,256.6,3.0,220.7,3.5,180.0,6.8,178.4,5.1,174.2,5.8
2024-11-07 03:17:27.438: 1986.4,0.2,356.6,3.9,311.7,5.6,276.4,2.6,268.8,2.0,245.6,3.1,209.9,1.6,197.0,4.5,189.9,6.8
2024-11-07 03:17:27.513: 2024.3,0.2,333.0,2.6,272.1,5.7,261.1,3.9,252.8,2.0,236.1,4.4,196.7,1.7,166.2,6.9
2024-11-07 03:17:27.581: 2058.0,0.2,400.3,1.9,351.0,2.8,282.2,4.0,271.9,5.7
2024-11-07 03:17:27.657: 1986.8,0.2,350.8,5.8,316.6,2.9,305.7,2.6,295.4,1.9,288.5,2.0,278.6,3.9,174.3,6.3,155.9,7.8
2024-11-07 03:17:27.727: 2034.4,0.2,394.8,1.8,388.3,2.6,301.4,5.7,250.9,3.9,165.4,4.2
2024-11-07 03:17:27.801: 2034.1,0.2,410.5,1.8,272.1,4.2,271.4,5.7,250.8,3.2,239.7,2.7,208.0,3.6,174.6,6.8
2024-11-07 03:17:27.877: 1989.2,0.2,351.2,1.9,330.9,5.7,306.7,4.2,279.1,3.3,246.5,2.6,202.4,6.9,196.6,6.6,191.5,6.2
2024-11-07 03:17:27.953: 2040.8,0.2,307.1,3.0,283.9,5.7,281.5,2.3,281.2,2.6,276.0,3.3,265.6,4.3,195.5,7.0,186.9,1.8
2024-11-07 03:17:28.029: 2012.5,0.2,306.8,2.1,292.4,4.2,288.8,5.8,285.1,2.8,258.5,1.7,227.0,3.3,224.3,3.6,198.4,6.4
2024-11-07 03:17:28.105: 2042.3,0.2,336.9,5.8,333.3,3.6,290.8,1.8,257.8,4.2,256.5,4.7,256.0,6.6,226.2,2.8,223.1,3.0
2024-11-07 03:17:28.181: 2040.4,0.2,320.5,3.3,316.1,1.9,282.4,6.6,254.0,2.6,219.4,4.8,207.6,5.8,204.8,4.2,185.9,7.3
2024-11-07 03:17:28.257: 2046.0,0.2,350.9,2.0,317.3,5.8,300.9,5.3,298.4,2.6,270.4,3.5,263.4,4.1,262.1,3.2,219.3,4.6
2024-11-07 03:17:28.333: 1994.1,0.2,492.9,2.0,468.9,2.6,359.1,5.8,342.2,3.3,281.3,3.7,239.0,4.1,237.7,5.5,216.4,4.5
2024-11-07 03:17:28.409: 2030.1,0.2,533.4,2.6,494.0,5.8,404.1,2.1,355.7,3.2,268.5,3.8,211.3,4.3,184.3,1.6,183.0,3.5
2024-11-07 03:17:28.485: 2024.5,0.2,477.2,2.6,441.6,2.4,313.1,5.3,294.1,3.8,293.7,2.8,284.5,5.9,273.6,5.7,256.3,3.1
2024-11-07 03:17:28.561: 1973.8,0.2,453.4,2.2,307.4,2.6,275.9,5.4,270.6,5.9,220.0,4.6,219.2,3.8,214.1,3.5,201.6,6.6
2024-11-07 03:17:28.637: 1982.0,0.2,363.8,2.2,358.7,2.6,327.9,2.0,294.1,4.8,288.7,3.9,220.8,5.3,217.8,7.3,210.0,6.4
2024-11-07 03:17:28.713: 2039.8,0.2,428.4,2.2,362.5,5.1,282.2,4.0,275.3,5.8,267.0,2.6,256.1,6.4,232.8,3.6,220.5,7.3
2024-11-07 03:17:28.789: 2039.7,0.2,430.8,2.0,409.6,5.8,308.0,2.6,271.9,5.1,271.5,6.5,215.6,3.9,197.4,4.5,195.5,3.5
2024-11-07 03:17:28.865: 2032.4,0.2,462.5,2.0,420.5,2.7,314.0,3.9,278.2,5.1,273.9,5.8,247.7,5.5,244.1,6.6,212.2,7.9
2024-11-07 03:17:28.941: 2025.3,0.2,523.8,2.7,371.0,1.9,352.7,2.1,341.5,4.4,267.4,5.4,251.6,6.6,243.4,5.0,236.5,3.9
2024-11-07 03:17:29.017: 2040.7,0.2,571.7,2.7,407.6,5.7,396.5,2.2,389.9,3.4,292.9,7.0,233.8,4.5,223.9,6.2,223.9,4.0
2024-11-07 03:17:29.093: 2061.0,0.2,565.5,2.7,407.2,2.0,398.7,5.7,288.1,4.5,279.2,3.5,273.9,6.6,255.4,7.0,203.4,6.2
2024-11-07 03:17:29.169: 2036.5,0.2,476.7,2.6,343.6,5.7,342.0,4.5,331.6,2.0,305.0,5.0,287.7,3.6,266.7,3.3,258.4,6.7
2024-11-07 03:17:29.245: 2037.6,0.2,372.5,2.6,343.9,2.7,331.7,5.7,304.8,4.3,302.4,1.8,286.4,2.4,275.8,6.6,268.0,5.0
2024-11-07 03:17:29.321: 2018.9,0.2,333.1,1.9,292.7,5.8,276.6,2.6,233.7,5.0,219.1,4.2,215.0,7.0,208.9,6.7,168.4,3.7
2024-11-07 03:17:29.397: 2020.3,0.2,495.6,2.6,420.6,5.8,245.9,4.1,244.0,4.8,235.3,5.2,227.0,2.0,219.2,3.6,178.9,7.3
2024-11-07 03:17:29.473: 2014.2,0.2,376.0,2.0,339.9,5.8,318.3,2.6,274.7,3.6,266.2,4.8,262.3,4.1,184.8,7.3,181.5,6.1
2024-11-07 03:17:29.549: 1996.5,0.2,359.4,5.8,353.6,2.8,341.8,1.8,289.9,4.8,265.9,3.9,224.4,2.1,187.6,3.3,186.2,3.4
2024-11-07 03:17:29.625: 2043.7,0.2,325.3,5.8,298.9,2.2,295.5,2.6,268.0,4.8,227.9,1.7,218.4,5.3,215.3,4.0,200.9,1.9
2024-11-07 03:17:29.699: 2041.3,0.2,535.5,2.6,385.4,5.8,234.1,4.0,212.2,2.0,204.9,5.4,200.1,3.3,170.0,4.5
2024-11-07 03:17:29.775: 2031.4,0.2,378.0,2.6,325.7,5.8,309.2,3.3,235.9,4.5,213.6,6.4,186.3,1.6,172.2,7.1,158.2,5.3
2024-11-07 03:17:29.851: 2093.1,0.2,373.5,5.8,324.7,2.8,230.3,2.0,225.3,3.6,197.4,3.3,181.4,4.7,181.3,2.4,168.7,7.5
2024-11-07 03:17:29.927: 2054.8,0.2,317.3,3.3,299.4,2.7,263.0,5.8,193.7,6.3,183.1,1.8,157.7,4.2,156.9,4.8,154.4,7.5
2024-11-07 03:17:30.001: 2057.7,0.2,358.2,3.3,352.3,2.6,325.4,5.7,207.3,2.0,202.8,6.3,195.1,4.3,166.0,7.0
2024-11-07 03:17:30.077: 2075.8,0.2,352.0,2.6,340.5,5.8,313.6,2.0,309.4,2.4,242.3,4.3,217.7,3.3,194.0,3.5,186.7,6.2
2024-11-07 03:17:30.153: 2066.8,0.2,386.7,2.0,338.9,2.6,336.8,2.4,330.3,5.8,261.3,4.4,242.3,2.8,219.4,4.0,192.4,7.0
2024-11-07 03:17:30.229: 2098.5,0.2,505.5,2.6,388.1,2.1,322.2,5.8,259.4,3.6,235.8,3.9,204.9,5.1,202.1,4.3,157.1,7.6
2024-11-07 03:17:30.305: 2078.4,0.2,599.6,2.3,574.4,2.6,367.8,5.8,352.4,1.8,315.3,3.8,273.5,5.0,199.1,3.1,175.0,7.0
2024-11-07 03:17:30.381: 2088.0,0.2,639.0,1.8,537.9,2.6,463.7,2.4,329.3,3.2,280.0,4.3,279.5,5.9,259.7,4.0,235.4,5.2
2024-11-07 03:17:30.457: 2096.8,0.2,581.5,2.6,418.8,3.2,392.4,2.0,327.0,3.9,310.2,5.9,260.0,4.6,259.0,5.4,210.7,6.5
2024-11-07 03:17:30.533: 2107.5,0.2,617.3,2.6,332.9,3.1,292.3,1.7,286.0,5.9,249.8,5.1,236.8,4.0,236.5,3.7,208.2,5.5
2024-11-07 03:17:30.609: 2077.3,0.2,546.3,2.6,362.2,2.0,292.5,5.8,270.5,4.6,234.0,5.5,200.4,5.1,188.0,3.9,154.5,3.6
2024-11-07 03:17:30.685: 2081.5,0.2,590.5,2.6,331.0,5.9,318.4,3.0,262.9,2.0,227.1,4.6,217.2,4.0,199.1,3.6,181.3,5.2
2024-11-07 03:17:30.761: 2094.2,0.2,709.5,2.6,680.3,2.2,342.7,5.9,270.1,4.2,257.3,4.8,234.5,3.6,175.1,5.1,162.1,6.7
2024-11-07 03:17:30.837: 2098.9,0.2,396.2,2.6,384.4,5.8,380.0,2.0,325.3,4.2,322.3,2.9,228.8,5.1,182.3,3.6,157.5,6.7
2024-11-07 03:17:30.911: 2098.3,0.2,385.8,2.3,367.4,4.4,341.1,2.6,310.6,5.8,264.3,3.0,259.9,4.9,167.1,8.1
2024-11-07 03:17:30.987: 2147.5,0.2,460.3,5.8,317.3,4.7,294.4,2.9,263.0,2.2,238.6,4.2,225.6,3.6,218.4,5.1,194.5,2.6
2024-11-07 03:17:31.063: 2190.5,0.2,422.5,5.8,289.1,2.8,286.6,3.0,255.7,5.0,237.6,2.2,231.3,3.6,229.3,4.1,212.0,7.1
2024-11-07 03:17:31.139: 2204.9,0.2,406.5,5.8,301.1,2.6,266.7,5.0,254.5,3.6,198.1,7.0,190.0,3.0,183.5,2.2,156.6,8.1
2024-11-07 03:17:31.215: 2153.1,0.2,332.7,3.5,284.8,2.7,262.3,5.8,216.3,2.2,205.6,7.0,201.1,4.9,182.8,4.5,170.9,5.3
2024-11-07 03:17:31.287: 2198.8,0.2,342.2,3.5,317.9,5.8,263.7,2.6,226.9,7.0,220.0,5.0,203.5,6.3
2024-11-07 03:17:31.363: 2196.3,0.2,396.9,3.6,364.5,2.6,355.3,5.8,278.1,4.0,214.4,6.4,198.2,4.6,196.4,5.1,191.6,1.9
2024-11-07 03:17:31.439: 2144.6,0.2,474.7,2.7,297.8,5.8,282.9,3.9,267.0,4.5,246.2,3.6,224.2,5.0,208.8,3.3,176.5,8.2
2024-11-07 03:17:31.515: 2148.9,0.2,517.1,2.7,365.0,3.2,363.7,3.9,285.3,5.7,203.7,4.5,199.2,8.1,194.2,5.1,191.0,7.2
2024-11-07 03:17:31.591: 2105.9,0.2,430.0,2.6,418.3,3.0,381.5,4.2,366.2,5.7,344.0,3.7,294.9,2.4,254.8,5.1,185.7,1.6
2024-11-07 03:17:31.667: 2112.4,0.2,464.5,2.6,362.3,4.2,360.3,3.0,288.7,5.8,287.7,3.7,283.5,4.7,237.3,1.8,212.3,6.4
2024-11-07 03:17:31.743: 2114.8,0.2,493.3,3.0,432.9,2.6,356.7,5.8,301.8,2.4,301.6,4.2,260.9,6.4,202.5,4.5,192.8,3.4
2024-11-07 03:17:31.819: 2097.8,0.2,547.3,2.9,490.3,2.6,350.6,3.4,340.4,5.8,251.6,4.1,249.1,4.6,243.9,6.4,177.6,7.6
2024-11-07 03:17:31.893: 2118.0,0.2,469.1,3.0,434.5,2.6,364.8,4.1,337.8,5.8,224.8,7.5,204.2,6.3,196.4,4.8
2024-11-07 03:17:31.969: 2144.5,0.2,421.3,2.7,361.8,3.0,315.1,5.7,277.6,4.8,268.5,3.8,256.1,4.2,238.6,3.4,193.1,7.1
2024-11-07 03:17:32.045: 2098.0,0.2,502.1,2.7,437.5,3.7,393.5,5.7,308.6,4.8,267.1,3.1,174.7,7.6,162.2,4.3,161.0,6.6
2024-11-07 03:17:32.121: 2163.6,0.2,379.4,2.6,360.3,3.8,292.0,5.7,279.5,3.1,272.9,4.8,245.6,4.4,195.2,8.1,180.1,7.5
2024-11-07 03:17:32.197: 2147.0,0.2,375.4,3.6,310.4,4.0,289.6,2.6,212.3,4.5,211.8,6.6,204.5,7.5,196.9,3.2,188.3,5.7
2024-11-07 03:17:32.273: 2100.2,0.2,459.6,3.7,378.3,3.1,336.9,5.7,332.6,4.5,289.0,2.6,204.1,6.6,192.4,2.3,167.0,5.2
2024-11-07 03:17:32.347: 2134.4,0.2,384.9,3.1,370.5,5.8,366.5,3.7,322.0,4.4,273.6,2.6,190.2,6.6,188.8,6.9
2024-11-07 03:17:32.421: 2148.9,0.2,380.0,5.8,364.7,3.6,339.5,3.0,332.1,4.2,286.1,2.7,241.5,4.6,160.1,6.8
2024-11-07 03:17:32.495: 2125.0,0.2,392.4,3.1,333.7,4.2,323.9,5.8,320.0,2.7,188.7,4.8,185.5,6.4,179.1,5.2
2024-11-07 03:17:32.567: 2092.8,0.2,353.0,3.1,349.9,4.2,349.5,5.8,241.7,5.2,219.3,2.6,173.5,3.7
2024-11-07 03:17:32.639: 2061.6,0.2,317.2,3.4,314.6,5.0,296.4,2.6,295.3,5.6,262.7,4.1,167.5,8.1
2024-11-07 03:17:32.715: 2044.8,0.2,391.9,5.1,331.0,5.8,252.4,3.3,251.0,4.0,243.2,2.9,223.1,2.6,212.0,3.6,175.4,4.5
2024-11-07 03:17:32.789: 2040.2,0.2,411.9,5.8,376.6,4.2,364.4,4.4,352.4,5.1,248.8,2.7,222.8,3.3,202.1,6.7
2024-11-07 03:17:32.863: 2076.1,0.2,556.3,4.2,421.1,5.7,313.5,5.1,311.9,3.6,208.0,6.8,185.0,2.7,182.2,2.6
2024-11-07 03:17:32.935: 2116.3,0.2,599.5,4.2,407.4,5.7,357.9,5.1,238.9,2.9,238.4,6.7,208.8,3.5
2024-11-07 03:17:33.011: 2096.5,0.2,621.6,4.2,345.5,5.1,338.4,5.7,285.5,3.7,237.3,3.3,233.8,6.6,183.4,8.9,174.4,3.0
2024-11-07 03:17:33.087: 2082.0,0.2,388.0,4.5,366.9,4.2,334.8,5.8,262.4,5.1,187.2,5.5,181.5,3.3,165.5,3.7,157.5,2.6
2024-11-07 03:17:33.163: 2126.6,0.2,363.4,4.1,309.6,5.1,274.7,4.5,264.9,6.4,260.7,5.7,257.6,2.0,215.8,2.8,168.1,7.1
2024-11-07 03:17:33.239: 2115.7,0.2,383.3,4.2,338.4,4.5,334.8,3.3,311.4,5.6,283.8,5.1,258.5,3.8,209.3,6.4,181.6,2.1
2024-11-07 03:17:33.315: 2147.7,0.2,471.3,3.9,379.9,4.5,373.6,5.1,353.3,4.8,347.1,5.7,174.2,6.3,162.2,9.4,159.3,2.8
2024-11-07 03:17:33.391: 2159.0,0.2,417.3,3.9,343.7,5.8,299.3,5.0,285.1,4.5,232.4,3.3,182.4,6.3,182.0,2.9,169.0,2.6
2024-11-07 03:17:33.465: 2124.3,0.2,445.4,3.9,368.8,5.6,259.3,5.0,247.4,4.5,210.2,6.4,201.7,2.8,200.8,3.1
2024-11-07 03:17:33.539: 2122.3,0.2,374.5,3.9,344.4,2.6,297.1,4.5,295.0,5.8,264.0,5.0,211.8,3.2,165.7,6.4
2024-11-07 03:17:33.615: 2082.0,0.2,369.4,4.4,337.1,3.6,328.8,5.7,314.4,2.6,216.2,5.0,161.5,9.9,158.1,7.9,153.3,8.5
2024-11-07 03:17:33.689: 2097.4,0.2,443.7,3.9,417.6,4.4,298.5,5.3,272.2,6.0,238.2,2.7,234.0,5.7,162.3,8.4
2024-11-07 03:17:33.765: 2063.5,0.2,531.7,3.9,265.6,4.7,263.5,5.4,239.8,6.0,237.7,5.1,211.6,3.1,209.5,2.8,177.7,6.4
2024-11-07 03:17:33.839: 1993.6,0.2,454.7,3.9,341.0,3.6,316.7,2.8,315.9,5.1,304.0,4.3,298.4,5.9,239.4,6.5
2024-11-07 03:17:33.915: 2100.6,0.2,455.5,3.1,396.7,2.6,373.1,5.0,319.7,3.9,308.3,4.3,302.2,3.5,270.3,5.8,210.9,6.5
2024-11-07 03:17:33.991: 2065.8,0.2,455.3,4.4,387.9,2.6,365.0,2.9,341.5,5.9,276.6,3.6,276.4,3.2,269.1,3.9,265.1,5.0
2024-11-07 03:17:34.065: 2091.8,0.2,474.8,2.9,407.7,5.0,314.2,4.4,307.1,3.9,279.9,6.0,244.0,3.3,202.2,3.6
2024-11-07 03:17:34.141: 2065.9,0.2,531.5,4.4,527.7,2.6,418.3,5.7,361.9,5.1,306.1,3.6,267.6,6.2,223.1,3.3,150.9,10.2
2024-11-07 03:17:34.217: 2061.7,0.2,469.8,4.5,370.2,5.6,346.4,5.1,328.2,2.6,305.1,6.3,280.6,3.6,271.7,5.9,211.6,3.3
2024-11-07 03:17:34.293: 2106.9,0.2,334.4,5.4,326.7,5.7,313.4,4.6,296.8,2.9,287.9,6.3,223.9,3.3,201.1,3.7,177.6,7.8
2024-11-07 03:17:34.369: 2206.8,0.2,349.2,2.9,321.0,4.9,320.2,6.0,270.4,5.4,270.1,3.9,247.1,4.5,200.4,6.9,177.1,3.4
2024-11-07 03:17:34.445: 2207.6,0.2,349.4,5.8,283.9,3.9,250.4,3.0,250.3,5.4,239.3,7.0,221.0,4.8,204.8,6.4,184.9,9.8
2024-11-07 03:17:34.521: 2120.8,0.2,472.9,5.8,386.7,3.9,282.0,5.0,276.9,4.4,260.0,2.8,219.3,2.1,204.2,3.3,199.7,3.2
2024-11-07 03:17:34.597: 2115.9,0.2,427.7,5.8,389.7,4.1,348.4,4.8,313.6,5.3,298.7,4.5,256.0,2.6,190.4,3.1,181.6,6.4
2024-11-07 03:17:34.671: 2157.1,0.2,555.8,5.8,487.2,4.2,343.1,2.7,324.1,4.8,296.3,5.4,186.8,5.1,155.0,8.9
2024-11-07 03:17:34.747: 2157.9,0.2,576.4,4.3,554.0,4.8,493.2,5.8,382.8,2.7,251.6,3.3,228.5,6.3,226.0,5.4,211.4,9.0
2024-11-07 03:17:34.821: 2176.3,0.2,654.8,4.8,382.9,5.8,292.1,5.4,287.0,2.7,223.2,3.1,184.4,3.7,160.5,6.3
2024-11-07 03:17:34.897: 2180.7,0.2,481.8,4.8,480.5,4.3,318.2,2.6,304.7,5.8,190.0,6.6,186.6,9.4,183.6,3.1,181.3,6.4
2024-11-07 03:17:34.973: 2126.0,0.2,428.7,5.8,343.6,3.9,334.2,4.2,285.9,4.5,273.2,4.8,252.0,3.1,250.2,2.6,206.1,6.7
2024-11-07 03:17:35.049: 2100.8,0.2,460.4,4.5,303.6,5.8,278.4,6.1,258.9,2.6,256.1,3.3,250.0,4.0,247.7,5.5,224.1,3.0
2024-11-07 03:17:35.123: 2110.2,0.2,434.5,4.0,419.2,4.6,333.4,5.8,305.5,6.0,271.7,3.0,213.3,6.7,209.5,3.3
2024-11-07 03:17:35.199: 2135.0,0.2,584.0,4.5,437.6,5.8,290.2,2.7,222.3,3.3,220.0,7.2,215.0,6.5,201.0,6.9,197.9,5.2
2024-11-07 03:17:35.275: 2048.4,0.2,504.8,4.6,494.8,5.7,241.9,1.8,233.9,2.6,224.3,4.0,197.3,7.2,196.4,3.0,190.2,3.7
2024-11-07 03:17:35.349: 2107.6,0.2,485.6,5.7,481.4,4.6,403.5,5.1,365.7,2.6,276.5,2.0,181.3,6.1,178.2,3.9
2024-11-07 03:17:35.425: 2113.4,0.2,561.7,4.3,517.7,5.1,487.1,5.6,303.4,2.6,243.8,3.0,242.9,2.0,194.7,3.9,160.1,3.6
2024-11-07 03:17:35.501: 2035.0,0.2,541.8,4.6,498.3,5.0,431.0,5.7,333.3,2.6,263.3,6.1,258.0,3.1,240.3,3.6,197.7,2.0
2024-11-07 03:17:35.577: 1960.4,0.2,647.5,5.0,646.8,4.8,512.9,5.7,366.6,4.2,303.1,3.3,289.2,2.6,235.2,6.1,184.8,6.8
2024-11-07 03:17:35.649: 1935.7,0.2,568.1,4.6,567.9,5.0,424.4,2.7,417.7,4.2,412.1,5.7,212.8,6.4
2024-11-07 03:17:35.721: 2002.9,0.2,639.1,5.8,585.4,2.7,570.2,4.5,557.4,5.0,405.7,4.0,267.5,3.6
2024-11-07 03:17:35.797: 2055.5,0.2,558.5,5.8,437.7,2.7,414.2,4.5,401.1,4.9,396.5,3.6,340.0,5.2,304.4,3.2,239.2,6.1
2024-11-07 03:17:35.873: 2059.4,0.2,640.3,4.9,538.8,4.5,467.6,5.8,390.8,2.6,313.4,5.6,287.0,3.9,286.0,3.6,234.6,2.9
2024-11-07 03:17:35.949: 2107.4,0.2,690.3,5.1,416.1,5.9,376.7,2.8,353.5,4.5,304.2,3.4,275.9,3.8,231.1,6.7,177.5,1.9
2024-11-07 03:17:36.025: 2102.1,0.2,625.9,4.9,371.6,5.8,354.0,4.0,344.8,4.5,271.0,2.9,254.5,6.8,252.1,3.3,220.0,2.6
2024-11-07 03:17:36.101: 2075.5,0.2,495.2,4.5,438.1,3.3,431.1,4.8,328.5,5.8,291.6,2.6,268.5,2.9,255.1,2.0,253.1,6.4
2024-11-07 03:17:36.177: 2101.5,0.2,436.4,4.4,381.7,4.8,380.9,5.8,344.6,3.3,278.4,3.6,276.4,2.6,189.1,6.2,186.9,7.0
2024-11-07 03:17:36.253: 2097.6,0.2,431.9,2.7,351.6,4.4,327.0,4.8,326.4,5.8,287.1,6.5,286.6,3.9,265.8,3.6,264.8,3.2
2024-11-07 03:17:36.329: 2058.0,0.2,547.8,5.9,364.3,4.7,347.5,7.0,327.2,2.9,307.2,5.2,301.7,2.6,296.7,5.0,289.6,4.3
2024-11-07 03:17:36.405: 2067.7,0.2,495.4,5.8,415.6,5.2,413.2,6.9,384.3,2.8,382.4,3.3,375.9,4.7,348.2,4.0,347.7,6.4
2024-11-07 03:17:36.481: 2045.2,0.2,517.8,5.8,443.2,5.3,373.7,6.9,373.4,3.2,368.1,4.1,367.7,6.3,360.4,3.0,338.7,4.7
2024-11-07 03:17:36.557: 2009.6,0.2,603.8,5.8,530.1,5.3,429.4,4.1,405.0,3.3,379.7,2.8,375.7,6.4,313.3,6.9,280.3,4.8
2024-11-07 03:17:36.633: 2058.1,0.2,502.7,5.3,398.2,5.9,390.6,5.7,389.0,6.9,368.5,2.8,358.4,4.5,297.9,3.7,275.0,4.1
2024-11-07 03:17:36.709: 2049.8,0.2,588.7,5.4,530.9,6.1,472.5,4.7,419.3,2.8,306.4,3.7,298.4,7.0,288.3,6.5,203.5,4.2
2024-11-07 03:17:36.785: 1988.0,0.2,649.2,5.6,503.3,2.8,446.8,6.1,368.4,4.6,313.6,3.6,311.2,3.3,290.0,7.0,240.1,6.4
2024-11-07 03:17:36.861: 1979.0,0.2,686.4,5.7,373.6,2.9,290.8,2.6,259.8,3.3,218.8,3.7,216.9,6.6,185.6,2.4,181.5,7.3
2024-11-07 03:17:36.937: 1943.8,0.2,714.5,5.7,416.3,2.7,257.4,4.5,217.3,3.8,204.8,6.7,180.6,8.3,174.0,7.8,156.5,7.3
2024-11-07 03:17:37.013: 1967.2,0.2,841.0,5.7,458.2,2.9,354.4,3.3,325.3,3.7,321.8,6.7,268.2,4.8,211.5,4.5,166.8,7.4
2024-11-07 03:17:37.089: 2031.9,0.2,606.8,5.7,427.4,5.2,425.4,2.7,363.1,3.3,352.3,4.7,301.8,3.6,255.5,6.5,155.1,8.3
2024-11-07 03:17:37.165: 1962.6,0.2,423.5,5.1,410.7,3.4,399.4,2.8,395.9,5.5,301.7,6.2,285.1,2.6,278.1,4.7,217.1,2.4
2024-11-07 03:17:37.241: 1912.3,0.2,468.0,2.8,466.5,5.6,373.2,3.3,339.8,3.7,327.7,4.5,291.5,6.2,194.4,7.7,170.1,1.6
2024-11-07 03:17:37.317: 1942.1,0.2,512.6,2.8,367.5,5.6,328.9,4.7,298.6,3.6,285.5,5.2,271.9,4.1,220.8,6.1,207.5,6.5
2024-11-07 03:17:37.393: 1961.3,0.2,536.2,3.4,415.1,3.9,324.2,5.8,312.0,2.6,291.3,2.8,188.9,2.4,179.6,5.2,170.0,6.7
2024-11-07 03:17:37.469: 1942.1,0.2,483.3,3.3,314.3,5.8,247.4,4.2,232.7,4.8,226.6,4.6,226.0,2.9,218.3,2.6,186.6,7.4
2024-11-07 03:17:37.545: 1987.1,0.2,607.3,3.3,291.6,2.6,272.2,4.5,263.7,5.8,260.7,4.2,259.0,6.5,223.7,4.9,208.6,7.5
2024-11-07 03:17:37.619: 2042.1,0.2,445.9,3.4,433.4,5.8,393.2,3.8,369.1,4.2,281.0,5.0,260.8,2.6,203.1,6.7
2024-11-07 03:17:37.695: 2085.5,0.2,430.8,5.8,367.4,3.2,326.4,4.2,301.8,3.9,290.9,4.9,242.4,3.6,205.4,6.6,175.1,5.4
2024-11-07 03:17:37.771: 2076.2,0.2,472.4,5.8,398.7,6.1,398.4,3.9,380.4,2.6,350.2,5.5,308.1,5.0,220.2,3.3,213.7,6.7
2024-11-07 03:17:37.845: 2062.9,0.2,496.2,5.7,452.6,2.6,417.3,3.9,415.4,2.9,387.4,6.3,292.9,5.0,176.4,7.5
2024-11-07 03:17:37.921: 2049.1,0.2,525.3,6.0,402.7,2.6,354.6,6.9,334.4,4.1,327.5,3.3,323.4,5.6,314.6,5.4,299.4,3.6
2024-11-07 03:17:37.997: 2019.2,0.2,660.6,5.9,488.8,6.7,344.0,3.0,314.7,5.2,280.1,4.1,270.0,2.0,254.1,2.7,235.6,7.5
2024-11-07 03:17:38.073: 2047.8,0.2,510.4,5.9,411.3,3.0,300.2,6.7,285.1,7.3,263.1,5.3,252.9,3.9,224.1,4.9,183.6,4.5
2024-11-07 03:17:38.149: 2068.5,0.2,486.4,5.7,401.0,3.0,349.3,6.7,343.5,7.0,311.9,5.3,286.2,4.0,263.2,4.5,189.9,5.0
2024-11-07 03:17:38.225: 2064.7,0.2,536.3,4.5,494.2,5.8,482.5,4.2,371.9,6.3,368.2,7.2,305.3,3.0,271.8,5.3,255.1,2.0
2024-11-07 03:17:38.301: 2058.4,0.2,502.9,4.1,447.9,7.2,439.6,4.5,429.2,3.1,424.4,5.8,407.0,6.3,301.2,5.2,213.7,8.1
2024-11-07 03:17:38.377: 2017.5,0.2,520.2,4.0,509.7,5.8,509.6,7.3,350.8,3.0,326.2,5.2,322.5,4.7,251.7,8.3,235.0,2.0
2024-11-07 03:17:38.453: 2038.3,0.2,463.6,5.8,440.2,7.3,410.2,4.1,317.5,5.1,312.5,4.5,301.3,6.6,260.3,3.0,218.5,3.3
2024-11-07 03:17:38.529: 2012.7,0.2,442.5,4.5,427.4,4.2,386.3,6.6,382.7,7.3,352.7,5.7,308.5,6.0,284.0,5.1,272.8,3.3
2024-11-07 03:17:38.605: 2056.6,0.2,528.5,4.5,419.8,7.0,416.9,6.7,399.5,3.8,353.5,5.7,339.4,3.1,293.8,6.1,283.0,2.6
2024-11-07 03:17:38.677: 2046.3,0.2,439.3,7.1,367.0,4.2,349.4,3.2,310.0,5.7,243.7,3.9,150.8,9.2
2024-11-07 03:17:38.753: 2067.5,0.2,487.0,7.2,447.6,2.7,412.9,4.9,376.4,4.5,324.4,5.7,285.6,6.5,189.1,3.9,188.0,8.5
2024-11-07 03:17:38.829: 2120.9,0.2,675.8,4.3,513.4,4.8,404.8,5.8,362.1,3.9,354.3,2.9,348.5,7.5,346.1,7.0,327.4,6.7
2024-11-07 03:17:38.905: 2037.2,0.2,490.0,4.2,443.6,4.6,442.3,5.7,359.5,3.3,337.0,2.9,328.3,6.9,313.9,5.3,252.7,6.4
2024-11-07 03:17:38.981: 2021.6,0.2,517.1,5.8,422.7,4.5,409.3,3.6,367.6,7.4,354.5,4.9,331.0,6.8,320.7,2.7,229.5,6.1
2024-11-07 03:17:39.057: 1994.5,0.2,677.9,4.8,509.5,5.7,432.1,3.6,414.3,2.9,345.8,7.0,327.6,6.3,247.9,5.9,195.2,8.8
2024-11-07 03:17:39.133: 2001.2,0.2,575.1,4.8,472.9,5.6,447.4,2.9,431.1,5.3,346.0,3.9,323.7,6.9,253.5,7.4,215.1,6.3
2024-11-07 03:17:39.209: 1999.4,0.2,596.5,4.8,479.9,2.9,381.7,5.9,369.9,7.6,360.4,5.8,343.0,5.3,332.8,3.6,322.4,4.3
2024-11-07 03:17:39.285: 2040.7,0.2,730.4,4.8,629.8,5.9,569.5,3.1,404.4,3.7,315.5,4.3,307.5,7.6,295.2,6.7,238.9,2.6
2024-11-07 03:17:39.361: 2053.8,0.2,546.2,4.8,492.2,3.0,449.2,4.4,444.8,3.9,383.4,6.0,362.2,5.8,268.2,8.6,260.9,6.8
2024-11-07 03:17:39.437: 2085.1,0.2,627.0,4.9,509.8,4.3,428.0,3.0,375.8,3.7,357.6,6.0,311.5,6.7,287.9,2.6,259.8,7.9
2024-11-07 03:17:39.513: 2032.6,0.2,567.8,4.3,563.3,5.8,532.3,4.9,450.6,3.8,337.2,6.4,303.2,3.2,294.4,7.7,287.8,7.3
2024-11-07 03:17:39.589: 2074.3,0.2,605.2,5.7,411.2,3.7,411.1,4.4,387.4,2.6,363.2,4.8,359.5,3.2,332.4,6.4,261.4,8.4
2024-11-07 03:17:39.665: 2020.8,0.2,692.8,5.7,570.6,3.8,484.1,4.3,430.6,3.1,342.4,6.2,340.1,4.8,331.0,8.3,312.8,2.6
2024-11-07 03:17:39.741: 2001.9,0.2,537.3,5.7,498.2,3.0,416.0,3.8,357.5,6.2,355.7,4.6,336.7,4.9,307.6,7.7,273.0,7.0
2024-11-07 03:17:39.817: 2020.1,0.2,618.8,5.8,451.8,8.0,438.8,2.8,429.3,6.1,393.6,3.1,367.0,5.2,363.3,3.6,292.3,4.5
2024-11-07 03:17:39.893: 1985.0,0.2,759.2,5.8,469.8,3.6,428.7,5.0,411.4,3.2,388.4,2.6,366.0,2.9,362.5,8.1,315.2,7.2
2024-11-07 03:17:39.969: 2023.1,0.2,595.9,5.8,428.4,2.7,384.6,8.1,366.6,5.3,362.6,3.6,362.4,3.8,341.0,4.5,323.3,4.9
2024-11-07 03:17:40.045: 2021.7,0.2,535.9,4.5,533.4,5.9,524.6,2.9,405.7,8.0,404.9,5.5,350.9,3.7,315.7,7.4,301.2,4.9
2024-11-07 03:17:40.121: 2044.8,0.2,567.2,5.7,472.1,2.9,452.6,4.5,411.0,4.2,410.3,5.1,355.2,6.1,337.9,2.3,276.1,8.3
2024-11-07 03:17:40.197: 2042.6,0.2,503.7,2.7,483.3,4.0,467.5,4.5,444.6,5.8,391.3,5.5,382.0,8.4,380.8,4.9,346.7,7.7
2024-11-07 03:17:40.273: 2011.5,0.2,593.7,5.8,431.5,2.6,428.8,4.5,367.1,8.3,366.1,4.1,316.9,7.1,235.1,6.7,221.8,3.3
2024-11-07 03:17:40.349: 2018.0,0.2,586.1,5.8,483.0,4.1,367.7,6.2,365.2,2.6,352.3,4.5,340.0,5.0,331.1,6.7,326.4,7.6
2024-11-07 03:17:40.425: 1991.5,0.2,469.3,5.0,468.3,5.8,466.4,5.2,449.9,6.2,449.9,4.5,401.5,3.0,387.0,4.2,370.6,2.6
2024-11-07 03:17:40.501: 1979.6,0.2,638.1,4.2,565.3,2.7,461.5,5.0,442.2,3.9,404.4,8.3,390.7,8.5,380.3,6.1,375.0,5.7
2024-11-07 03:17:40.577: 1977.3,0.2,641.1,4.2,496.6,5.7,478.0,3.6,444.7,2.7,392.1,3.1,355.3,5.0,328.1,8.2,247.8,9.4
2024-11-07 03:17:40.653: 1936.7,0.2,571.2,4.3,469.6,5.7,413.4,5.1,391.7,3.6,379.9,3.2,345.1,2.6,269.6,7.0,267.3,6.5
2024-11-07 03:17:40.729: 1936.0,0.2,509.7,5.1,437.3,4.5,411.1,5.8,370.1,3.5,369.4,4.2,368.4,2.8,347.7,3.9,293.7,6.1
2024-11-07 03:17:40.805: 1957.2,0.2,645.1,4.4,497.3,5.8,490.4,3.9,444.5,3.2,379.6,5.0,369.8,2.6,362.3,6.1,349.5,2.4
2024-11-07 03:17:40.881: 1946.2,0.2,658.1,4.5,412.9,5.1,366.2,3.3,362.3,5.7,330.7,6.2,278.0,8.3,277.0,2.8,276.5,2.6
2024-11-07 03:17:40.957: 1928.7,0.2,691.2,4.4,412.9,6.2,399.1,5.8,377.3,5.2,369.9,5.0,325.9,3.3,324.8,8.8,273.7,9.4
2024-11-07 03:17:41.033: 1922.1,0.2,532.1,5.8,526.0,4.3,518.1,3.9,447.0,4.8,409.9,2.8,387.0,6.2,369.6,9.4,342.4,3.3
2024-11-07 03:17:41.109: 1955.5,0.2,782.2,4.5,570.0,5.8,451.9,3.9,400.7,3.0,350.9,8.9,234.3,1.7,225.1,6.2,215.1,6.8
2024-11-07 03:17:41.185: 1956.2,0.2,605.0,4.5,562.1,2.7,537.2,5.4,526.0,3.9,523.8,5.8,325.8,9.2,295.0,6.7,280.8,2.1
2024-11-07 03:17:41.261: 1984.7,0.2,632.5,4.6,533.8,5.4,507.7,4.9,494.4,3.3,454.8,3.9,418.9,2.9,415.9,5.8,329.9,6.2
2024-11-07 03:17:41.337: 2031.3,0.2,816.5,4.5,712.2,3.7,588.6,5.4,524.2,5.8,401.3,2.9,363.2,6.7,330.9,2.6,246.5,9.2
2024-11-07 03:17:41.413: 2022.7,0.2,867.6,3.8,717.9,4.5,555.8,5.7,408.7,1.7,404.1,5.4,373.6,2.9,258.1,2.6,255.8,7.1
2024-11-07 03:17:41.489: 2013.3,0.2,648.5,3.8,638.4,4.5,617.8,4.2,532.9,1.8,376.5,5.3,363.6,5.7,322.6,2.8,314.4,6.4
2024-11-07 03:17:41.565: 1987.9,0.2,647.0,4.2,590.5,4.6,567.7,3.1,473.1,4.9,392.9,5.5,389.1,6.3,317.7,6.0,299.5,1.8
2024-11-07 03:17:41.641: 1973.8,0.2,691.4,4.3,542.5,3.1,492.5,5.5,476.6,5.1,452.6,3.8,408.3,2.6,312.1,1.8,271.6,8.3
2024-11-07 03:17:41.717: 2016.6,0.2,644.3,4.4,467.3,5.1,416.4,6.7,410.2,5.8,402.4,2.6,394.9,5.5,380.5,3.0,378.3,4.0
2024-11-07 03:17:41.793: 1974.0,0.2,623.4,4.4,563.8,5.8,543.0,3.3,420.2,6.7,330.5,3.9,328.6,5.5,294.2,9.8,263.3,2.6
2024-11-07 03:17:41.869: 1955.8,0.2,637.8,4.6,559.9,3.3,528.3,5.8,447.1,3.9,367.8,5.5,366.0,6.7,309.6,8.2,291.7,3.0
2024-11-07 03:17:41.945: 1982.6,0.2,694.6,1.9,613.4,4.6,587.9,3.3,451.5,6.4,364.5,5.9,337.5,7.3,333.2,5.5,324.8,2.9
2024-11-07 03:17:42.021: 1978.7,0.2,548.6,4.6,480.3,6.4,446.1,1.8,417.4,3.5,311.4,8.6,308.7,4.2,293.7,2.6,293.1,5.9
2024-11-07 03:17:42.097: 2045.1,0.2,415.7,1.7,402.3,2.3,387.3,4.6,368.1,6.0,328.1,6.7,316.5,5.2,311.3,6.4,308.4,8.6
2024-11-07 03:17:42.173: 2015.6,0.2,477.4,2.6,395.7,6.8,377.3,2.4,375.5,4.9,350.0,8.6,327.6,1.7,309.5,4.5,306.2,3.8
2024-11-07 03:17:42.249: 2044.5,0.2,555.5,5.2,478.1,3.3,443.9,4.5,375.0,5.8,337.3,6.7,321.7,1.8,302.1,3.8,292.3,8.7
2024-11-07 03:17:42.325: 2044.1,0.2,467.8,2.0,452.6,3.5,427.0,6.7,416.5,5.3,401.9,4.5,385.5,4.0,385.3,3.9,379.8,5.8
2024-11-07 03:17:42.401: 2004.8,0.2,494.6,3.9,456.0,6.7,447.9,5.2,378.6,3.3,340.5,5.7,302.7,4.8,248.9,8.0,244.0,9.9
2024-11-07 03:17:42.477: 1988.7,0.2,672.9,2.0,480.6,2.7,444.4,4.5,436.1,3.9,415.3,5.8,412.1,3.1,355.5,6.7,291.0,5.2
2024-11-07 03:17:42.553: 2017.9,0.2,633.4,2.0,544.3,5.8,496.7,3.1,456.0,4.4,325.6,5.1,305.2,6.8,290.5,7.6,233.8,3.8
2024-11-07 03:17:42.629: 1977.2,0.2,494.1,3.0,430.8,2.0,373.8,5.8,366.7,4.5,339.2,7.6,291.4,3.8,265.7,2.6,250.7,6.8
2024-11-07 03:17:42.705: 2008.4,0.2,432.8,2.7,411.2,2.6,396.8,2.0,376.8,4.3,373.9,5.8,338.5,6.7,326.8,4.7,310.0,7.2
2024-11-07 03:17:42.781: 1947.7,0.2,460.3,2.7,347.2,5.2,321.5,5.8,297.1,2.1,280.2,4.0,279.6,3.9,275.6,4.3,253.0,8.3
2024-11-07 03:17:42.857: 1917.6,0.2,475.1,2.8,366.0,5.8,335.0,4.3,291.5,7.7,280.5,10.6,266.5,5.2,253.1,8.3,250.5,7.1
2024-11-07 03:17:42.933: 1889.7,0.2,495.0,5.5,428.0,4.6,404.2,7.7,377.7,2.9,371.2,8.3,281.4,3.6,268.9,1.9,245.0,2.1
2024-11-07 03:17:43.009: 1989.4,0.2,588.9,2.3,498.5,2.9,473.2,4.3,425.7,5.8,419.9,5.3,381.7,3.7,330.7,3.2,324.9,6.9
2024-11-07 03:17:43.085: 1932.8,0.2,685.8,2.3,544.3,2.7,535.5,5.8,529.9,2.6,431.6,4.2,410.1,4.6,300.7,7.7,289.3,8.1
2024-11-07 03:17:43.161: 1973.4,0.2,571.0,2.6,407.2,3.4,406.4,5.8,403.9,4.3,396.2,5.1,393.9,2.3,372.5,4.8,288.5,7.8
2024-11-07 03:17:43.237: 1966.1,0.2,776.5,2.7,597.7,3.5,551.4,4.1,494.4,5.5,446.7,2.3,444.5,4.8,391.0,6.5,220.4,8.0
2024-11-07 03:17:43.313: 1973.0,0.2,692.1,2.7,515.9,3.6,512.7,4.2,400.9,5.7,387.1,6.5,353.6,2.1,321.1,5.1,305.9,5.3
2024-11-07 03:17:43.389: 1954.2,0.2,725.1,2.6,602.2,2.4,595.6,5.8,588.6,4.2,384.2,3.5,354.2,7.0,342.6,5.1,342.4,8.0
2024-11-07 03:17:43.465: 1961.8,0.2,702.1,5.7,655.1,2.6,544.9,4.2,518.1,3.5,348.9,8.0,304.3,4.9,293.7,8.6,279.9,2.1
2024-11-07 03:17:43.541: 1937.8,0.2,627.3,5.8,558.2,2.6,372.7,4.1,367.2,3.4,328.4,4.5,325.8,2.1,295.9,6.8,264.3,4.9
2024-11-07 03:17:43.617: 1998.7,0.2,592.7,5.7,579.2,2.9,528.0,4.6,411.9,3.6,374.6,7.6,370.1,7.3,344.2,6.5,336.4,4.1
2024-11-07 03:17:43.693: 1971.8,0.2,658.4,2.8,498.5,5.5,448.2,4.8,434.5,6.1,404.7,5.8,392.7,6.8,364.8,1.8,359.0,7.7
2024-11-07 03:17:43.769: 1980.3,0.2,536.7,3.0,501.4,5.8,425.4,2.6,376.7,6.7,372.3,6.5,361.5,4.8,353.4,7.1,307.4,5.3
2024-11-07 03:17:43.845: 2028.3,0.2,464.0,5.8,398.6,3.3,379.6,4.1,377.4,6.7,364.0,4.8,359.9,2.8,337.1,5.4,313.1,2.6
2024-11-07 03:17:43.921: 2012.2,0.2,541.0,3.3,498.7,2.8,496.4,5.8,447.7,4.8,412.8,6.8,400.6,2.1,338.9,4.2,223.5,7.6
2024-11-07 03:17:43.997: 1984.5,0.2,604.0,5.8,521.2,3.3,442.1,4.0,429.4,2.3,419.9,2.8,381.9,4.8,371.3,4.5,331.2,6.5
2024-11-07 03:17:44.073: 2039.9,0.2,530.2,5.8,492.6,2.7,444.8,6.5,435.5,4.8,399.3,3.3,359.3,5.4,338.3,4.4,327.2,7.0
2024-11-07 03:17:44.149: 2023.6,0.2,529.8,5.8,520.8,2.6,437.7,2.3,433.8,6.6,426.3,3.0,406.3,4.8,397.5,3.6,352.9,4.5
2024-11-07 03:17:44.225: 2010.1,0.2,520.1,5.7,510.5,2.6,424.0,3.6,405.1,4.8,404.8,6.6,363.7,6.1,363.1,2.3,301.7,7.2
2024-11-07 03:17:44.301: 1985.6,0.2,644.3,2.7,412.0,3.4,407.5,5.3,385.8,6.1,375.9,5.8,364.1,2.3,310.4,7.0,284.0,4.9
2024-11-07 03:17:44.377: 1937.5,0.2,564.5,2.6,393.3,4.2,371.8,5.3,347.5,3.7,341.6,2.3,333.0,7.2,318.1,3.4,314.5,4.7
2024-11-07 03:17:44.453: 1985.5,0.2,614.8,3.9,595.0,3.4,494.0,2.8,481.7,2.6,421.8,5.6,371.0,4.9,321.2,4.4,294.6,1.7
2024-11-07 03:17:44.529: 1975.3,0.2,637.5,3.6,543.2,2.8,444.1,2.4,416.0,5.7,409.4,4.8,400.4,2.0,322.2,7.2,300.9,6.4
2024-11-07 03:17:44.605: 1959.1,0.2,645.8,2.8,530.1,3.4,427.5,5.4,414.8,4.9,407.5,3.9,327.8,2.4,272.6,4.4,231.7,2.0
2024-11-07 03:17:44.681: 1932.1,0.2,683.2,3.0,634.5,2.7,504.3,1.6,442.9,4.9,411.7,5.4,397.1,3.7,387.0,4.0,270.8,6.4
2024-11-07 03:17:44.757: 1883.8,0.2,664.9,2.7,649.5,1.6,647.2,3.0,464.8,5.4,436.9,2.0,418.3,4.8,387.8,3.5,264.4,4.1
2024-11-07 03:17:44.833: 1869.7,0.2,638.8,3.2,601.4,1.7,523.9,2.0,453.5,4.8,448.3,6.4,430.5,5.4,414.4,2.6,321.1,4.1
2024-11-07 03:17:44.909: 1808.1,0.2,446.7,3.3,435.0,5.2,394.4,1.7,380.2,4.8,379.8,5.8,376.5,2.1,353.8,3.7,352.8,4.1
2024-11-07 03:17:44.985: 1839.9,0.2,629.8,3.2,546.1,1.7,540.0,2.8,461.3,2.2,448.9,5.8,416.2,5.2,380.4,4.8,377.3,6.7
2024-11-07 03:17:45.061: 1891.6,0.2,582.8,3.2,538.4,1.7,470.4,2.6,467.8,3.7,421.3,4.8,395.9,5.2,393.2,2.1,306.6,5.8
2024-11-07 03:17:45.137: 1848.8,0.2,747.6,1.8,452.7,3.8,422.1,3.3,367.0,5.8,364.4,4.7,363.5,5.2,337.3,2.6,282.4,7.5
2024-11-07 03:17:45.213: 1903.7,0.2,853.4,1.9,428.4,3.1,409.8,3.8,384.2,6.6,364.3,5.2,342.0,2.6,316.3,5.7,300.1,2.8
2024-11-07 03:17:45.289: 1901.5,0.2,706.8,2.0,481.2,3.8,439.3,2.6,403.3,3.0,402.8,6.7,400.5,5.4,388.2,2.4,295.1,6.1
2024-11-07 03:17:45.365: 1940.6,0.2,660.5,2.0,477.8,4.5,472.1,5.5,391.6,3.6,336.3,2.8,304.1,3.0,288.5,7.3,273.4,8.1
2024-11-07 03:17:45.441: 1925.8,0.2,785.8,2.0,621.9,4.3,441.4,6.0,394.6,5.6,379.9,2.7,363.2,3.2,306.6,5.1,275.0,6.6
2024-11-07 03:17:45.517: 1939.5,0.2,757.1,4.4,604.9,2.7,573.8,5.8,490.1,2.0,395.4,5.4,366.8,3.3,315.9,4.0,280.9,6.2
2024-11-07 03:17:45.593: 1873.3,0.2,656.3,4.4,580.6,4.9,497.6,2.7,427.6,5.7,362.2,2.0,331.7,6.3,328.3,3.3,293.0,7.0
2024-11-07 03:17:45.669: 1849.2,0.2,612.4,4.3,608.8,2.6,530.7,5.2,499.6,4.8,492.1,5.7,343.8,3.4,324.3,3.1,319.1,2.2
2024-11-07 03:17:45.745: 1877.3,0.2,554.2,3.3,549.2,2.6,528.5,2.4,439.4,4.8,429.5,4.2,407.2,5.2,403.2,5.7,352.2,6.1
2024-11-07 03:17:45.821: 1934.8,0.2,759.7,2.3,505.1,3.7,421.3,4.3,385.1,1.7,382.4,2.8,381.9,3.3,355.6,6.3,347.4,5.1
2024-11-07 03:17:45.897: 1957.6,0.2,719.8,2.8,592.0,2.3,547.3,3.6,365.6,4.8,342.2,4.4,335.1,6.1,293.8,5.7,283.3,1.9
2024-11-07 03:17:45.973: 1979.6,0.2,689.3,2.6,657.9,2.9,590.4,2.3,529.5,4.8,497.9,4.5,458.3,3.6,367.2,6.4,360.6,5.7
2024-11-07 03:17:46.049: 1954.0,0.2,676.4,2.4,622.2,2.6,544.1,4.6,523.8,3.0,412.8,6.8,407.9,1.8,403.3,6.6,386.8,3.6
2024-11-07 03:17:46.125: 1923.5,0.2,630.6,2.0,502.8,5.8,496.0,2.6,473.3,2.4,471.0,3.5,416.7,6.9,405.2,7.2,325.3,4.5
2024-11-07 03:17:46.201: 1924.7,0.2,600.6,5.8,566.7,2.0,439.3,2.3,430.3,2.6,420.1,4.5,413.6,3.0,398.0,4.9,337.8,7.6
2024-11-07 03:17:46.277: 1937.8,0.2,595.8,4.6,536.8,3.5,524.8,5.7,418.3,2.6,411.4,3.0,401.3,2.0,396.3,3.8,333.8,6.7
2024-11-07 03:17:46.353: 1917.5,0.2,446.3,4.2,421.6,2.9,401.9,2.1,394.3,3.4,362.6,5.8,354.1,4.9,348.2,7.6,348.0,4.7
2024-11-07 03:17:46.429: 1949.7,0.2,782.2,2.7,610.8,5.8,521.5,4.8,412.0,3.8,338.5,3.3,338.3,6.6,329.5,4.1,271.7,7.2
2024-11-07 03:17:46.505: 1986.1,0.2,790.9,2.6,463.5,5.8,451.2,3.0,415.4,4.8,402.7,6.3,376.0,6.1,357.9,2.1,314.9,3.8
2024-11-07 03:17:46.581: 1957.8,0.2,613.9,2.6,576.5,4.2,497.0,5.9,455.3,3.0,436.2,2.1,381.5,5.0,328.5,6.6,315.6,5.4
2024-11-07 03:17:46.657: 1927.5,0.2,1113.6,2.6,533.0,4.5,438.4,6.1,382.4,4.9,356.4,3.6,336.9,6.6,300.1,5.4,289.9,8.2
2024-11-07 03:17:46.733: 1924.4,0.2,1002.3,2.8,519.8,4.5,487.5,6.0,434.9,4.8,360.9,5.4,341.9,8.1,322.5,7.1,300.3,6.5
2024-11-07 03:17:46.809: 1976.0,0.2,932.4,2.9,687.9,2.6,559.2,5.8,446.4,4.8,416.4,4.5,379.3,7.2,307.3,6.5,280.9,8.2
2024-11-07 03:17:46.885: 1967.2,0.2,771.7,2.9,693.0,4.8,489.7,5.7,379.9,6.4,332.2,7.2,327.4,3.6,313.2,2.0,307.0,2.3
2024-11-07 03:17:46.961: 1919.3,0.2,790.2,3.0,728.5,4.6,464.6,2.3,442.4,5.7,407.0,7.3,334.8,3.6,282.1,6.1,249.1,6.4
2024-11-07 03:17:47.037: 1944.4,0.2,707.8,3.0,663.5,5.8,561.7,2.2,553.0,2.6,528.7,4.6,415.2,3.4,398.1,6.6,262.4,7.4
2024-11-07 03:17:47.113: 1973.9,0.2,713.5,3.0,678.8,2.6,641.9,2.3,624.8,4.5,560.7,5.8,418.4,3.6,351.6,5.0,336.5,6.5
2024-11-07 03:17:47.189: 1948.0,0.2,891.4,3.0,620.4,5.8,563.7,5.0,559.1,4.5,545.9,2.2,328.7,3.8,316.4,6.2,314.4,6.5
2024-11-07 03:17:47.265: 2026.1,0.2,761.9,2.2,749.4,2.6,677.4,4.9,432.1,5.6,419.2,3.4,369.5,7.5,290.5,6.1,271.9,7.9
2024-11-07 03:17:47.341: 1962.7,0.2,628.8,2.6,557.0,4.8,556.4,2.3,555.6,3.8,459.9,7.5,411.5,5.8,374.8,3.3,327.5,5.3
2024-11-07 03:17:47.417: 1909.6,0.2,797.6,2.6,715.2,2.4,618.2,4.6,508.2,3.3,492.4,4.0,464.5,7.4,431.9,3.7,391.8,5.5
2024-11-07 03:17:47.493: 1921.1,0.2,634.8,4.6,594.8,2.6,526.5,5.3,521.9,4.0,484.5,5.9,438.1,7.4,431.7,6.4,420.7,3.3
2024-11-07 03:17:47.569: 1942.2,0.2,936.0,2.7,574.9,5.8,571.1,4.4,530.0,7.4,502.2,4.0,495.4,6.8,494.5,3.6,367.6,5.0
2024-11-07 03:17:47.645: 1878.6,0.2,908.8,2.8,816.1,3.7,554.7,5.8,505.6,4.2,420.4,5.3,386.3,6.9,357.6,7.5,305.2,8.9
2024-11-07 03:17:47.721: 1916.1,0.2,624.2,3.7,612.3,2.9,525.4,6.0,509.3,4.3,397.5,6.8,386.4,7.4,370.0,5.4,308.2,7.7
2024-11-07 03:17:47.797: 1964.6,0.2,664.2,6.1,587.6,3.0,543.3,6.6,428.6,3.7,395.5,4.9,359.9,5.4,327.8,4.2,288.8,8.3
2024-11-07 03:17:47.873: 1984.6,0.2,1012.4,2.8,437.4,6.7,421.4,6.2,407.2,4.3,394.5,5.2,382.5,6.0,344.2,7.4,332.8,8.8
2024-11-07 03:17:47.949: 1996.4,0.2,746.0,2.7,555.3,5.3,439.2,6.2,385.7,3.9,380.3,6.6,343.4,7.4,318.2,8.7,306.0,8.1
2024-11-07 03:17:48.025: 1970.7,0.2,886.5,2.9,798.3,3.2,512.8,4.5,512.8,4.4,512.5,5.4,500.9,5.9,392.9,7.5,334.4,6.7
2024-11-07 03:17:48.101: 1927.8,0.2,1315.1,2.8,691.0,4.5,461.7,5.9,432.8,4.1,413.8,6.8,364.6,5.2,363.6,3.8,315.4,7.4
2024-11-07 03:17:48.177: 1886.3,0.2,1085.2,3.3,1070.6,2.9,617.9,3.7,595.5,5.8,454.0,6.1,449.9,4.4,372.9,4.1,339.9,7.0
2024-11-07 03:17:48.253: 1934.9,0.2,1226.5,3.3,1165.9,3.0,648.2,6.1,625.0,5.8,466.7,4.0,447.4,4.6,441.5,4.3,431.8,7.3
2024-11-07 03:17:48.329: 1922.2,0.2,1199.2,3.3,616.9,6.1,549.1,5.8,533.2,4.3,522.4,4.0,487.7,7.4,366.6,5.1,353.8,4.5
2024-11-07 03:17:48.405: 1913.4,0.2,876.6,3.5,718.8,2.9,621.1,6.1,562.8,4.2,504.2,5.8,431.4,6.5,363.0,5.1,359.2,7.5
2024-11-07 03:17:48.481: 1952.5,0.2,822.1,3.4,646.6,2.8,575.9,6.1,444.2,6.6,430.5,4.8,430.4,4.2,427.7,5.5,361.7,3.9
2024-11-07 03:17:48.557: 1999.5,0.2,644.4,4.8,613.3,3.5,571.7,6.1,552.8,4.4,482.1,2.8,426.3,5.5,319.8,7.4,294.1,6.5
2024-11-07 03:17:48.633: 1988.7,0.2,651.4,5.8,646.8,4.7,459.7,5.3,430.5,2.7,421.3,3.6,416.4,6.2,301.4,8.3,299.1,7.6
2024-11-07 03:17:48.709: 1953.5,0.2,585.4,6.0,578.4,4.8,561.4,3.8,477.2,5.6,433.5,4.3,430.4,6.5,413.9,2.7,282.6,7.5
2024-11-07 03:17:48.785: 2005.1,0.2,629.4,5.1,596.8,5.9,489.4,3.9,487.3,3.3,348.0,6.6,271.3,2.7,252.2,7.6,246.2,8.3
2024-11-07 03:17:48.861: 1961.2,0.2,655.0,5.7,623.4,4.9,533.6,6.1,485.6,3.0,435.4,3.5,400.5,4.2,384.9,4.4,299.1,7.5
2024-11-07 03:17:48.937: 1990.4,0.2,665.3,3.4,646.7,5.8,610.8,4.9,412.4,4.5,394.9,4.2,388.5,6.6,354.3,6.2,277.6,7.4
2024-11-07 03:17:49.013: 1957.2,0.2,711.3,3.6,544.6,4.0,510.4,4.9,490.8,5.7,442.8,6.1,399.5,6.7,321.0,7.4,200.9,9.2
2024-11-07 03:17:49.089: 1972.2,0.2,570.0,3.6,558.2,4.5,483.7,5.8,478.2,5.0,423.3,6.1,367.0,7.3,349.7,5.4,349.1,3.1
2024-11-07 03:17:49.165: 1986.9,0.2,520.6,4.5,508.3,5.8,486.0,4.9,473.1,3.4,400.8,3.1,397.0,5.3,371.9,7.2,321.9,2.6
2024-11-07 03:17:49.241: 1968.2,0.2,684.9,4.2,556.5,3.6,547.8,5.7,426.5,6.3,415.7,2.6,406.1,5.4,404.9,7.2,386.2,5.0
2024-11-07 03:17:49.317: 1948.6,0.2,599.4,4.0,548.9,5.6,474.4,7.0,393.5,3.5,362.2,6.2,280.8,2.6,254.6,4.9,216.8,10.9
2024-11-07 03:17:49.393: 1988.4,0.2,603.5,4.0,542.1,5.6,530.2,6.0,455.3,2.6,402.8,3.6,370.6,5.2,364.7,3.1,333.4,4.6
2024-11-07 03:17:49.469: 1948.7,0.2,661.4,5.9,443.2,4.2,437.6,3.1,418.5,6.5,417.6,5.1,398.6,4.5,391.0,3.6,345.3,2.6
2024-11-07 03:17:49.545: 1946.7,0.2,648.2,5.8,577.8,4.3,557.4,4.0,526.3,5.1,353.9,2.6,329.0,5.4,271.2,8.9,267.8,3.2
2024-11-07 03:17:49.621: 1930.2,0.2,662.3,5.8,451.5,3.9,436.5,4.5,375.4,6.7,375.0,2.7,360.2,5.1,286.0,5.4,240.8,7.2
2024-11-07 03:17:49.697: 1927.1,0.2,505.9,6.1,499.1,4.2,468.2,5.8,428.6,5.1,343.4,5.5,328.8,6.7,320.6,7.7,300.3,2.7
2024-11-07 03:17:49.773: 1941.9,0.2,484.9,5.5,484.1,5.1,470.1,3.8,433.1,6.0,425.0,4.5,404.8,6.2,363.0,7.2,344.3,3.0
2024-11-07 03:17:49.849: 1898.7,0.2,584.9,2.1,493.1,5.5,442.5,5.1,421.5,6.3,408.3,2.7,391.9,3.8,387.9,4.5,378.0,3.0
2024-11-07 03:17:49.925: 1905.3,0.2,566.2,4.8,500.4,2.8,493.8,5.5,474.3,6.2,346.1,1.9,331.8,4.0,299.8,8.1,294.1,7.2
2024-11-07 03:17:50.001: 1901.1,0.2,698.9,4.7,577.4,6.0,472.2,5.1,449.7,5.5,360.1,6.9,347.9,7.2,333.7,8.1,312.2,2.6
2024-11-07 03:17:50.077: 1873.4,0.2,621.7,4.8,531.7,5.9,495.1,5.5,435.0,2.2,403.2,8.5,394.2,7.2,375.5,4.2,367.5,5.2
2024-11-07 03:17:50.153: 1932.2,0.2,633.7,5.5,547.6,5.8,490.2,7.1,485.3,4.3,445.0,2.2,404.9,5.1,384.7,6.2,344.4,8.4
2024-11-07 03:17:50.229: 1941.5,0.2,678.2,5.4,676.7,5.8,470.6,4.4,461.2,7.0,445.6,8.5,409.0,3.9,405.3,3.7,320.9,2.2
2024-11-07 03:17:50.305: 1962.5,0.2,793.1,5.9,690.5,4.9,538.5,2.0,412.4,3.9,378.5,2.6,358.6,8.9,350.7,7.0,293.2,4.5
2024-11-07 03:17:50.381: 1985.5,0.2,838.0,4.9,518.7,6.1,502.3,5.8,495.2,2.0,494.6,7.0,364.8,3.7,364.1,3.9,317.9,8.9
2024-11-07 03:17:50.457: 2008.9,0.2,751.5,5.0,424.0,5.7,423.6,7.0,401.6,2.0,399.5,6.1,357.0,7.5,341.9,3.6,320.9,4.0
2024-11-07 03:17:50.533: 2019.4,0.2,512.7,5.8,468.5,4.8,405.2,6.1,383.7,7.5,319.6,4.4,319.4,2.3,312.8,6.9,264.2,2.8
2024-11-07 03:17:50.609: 1991.9,0.2,642.6,5.6,524.0,5.1,461.9,7.3,427.6,4.4,410.1,7.0,380.6,2.3,356.2,6.3,330.8,2.8
2024-11-07 03:17:50.685: 1944.0,0.2,780.7,5.5,654.9,5.1,458.3,4.5,439.3,2.3,368.7,7.8,342.7,7.2,327.3,6.0,324.6,2.8
2024-11-07 03:17:50.761: 1932.8,0.2,684.2,2.7,677.1,5.2,530.8,4.4,511.5,5.7,443.0,2.2,424.5,5.9,376.2,7.0,318.2,6.6
2024-11-07 03:17:50.837: 1880.0,0.2,622.7,5.4,582.9,4.7,558.6,2.7,529.9,6.7,520.2,4.2,462.2,6.0,334.8,8.0,316.8,7.3
2024-11-07 03:17:50.913: 1865.9,0.2,697.9,4.8,545.6,5.4,482.7,6.0,439.7,6.8,373.6,2.7,306.5,2.3,300.8,7.9,264.6,8.3
2024-11-07 03:17:50.989: 1888.8,0.2,630.3,5.6,512.0,4.3,481.7,4.8,456.1,2.7,433.4,7.0,324.4,7.3,279.4,3.0,257.5,7.8
2024-11-07 03:17:51.065: 1933.4,0.2,644.5,5.8,593.0,2.6,590.1,4.3,497.7,7.0,458.6,5.5,420.3,5.1,374.9,4.8,353.9,8.6
2024-11-07 03:17:51.141: 1927.1,0.2,628.7,7.0,546.0,4.3,543.7,2.6,499.3,5.8,428.5,5.1,415.3,3.3,394.8,8.2,362.9,8.6
2024-11-07 03:17:51.217: 1901.2,0.2,701.6,5.9,506.8,7.4,485.7,6.9,471.1,5.1,428.5,2.7,408.9,8.2,382.8,3.8,360.8,4.4
2024-11-07 03:17:51.293: 1918.8,0.2,677.0,5.8,498.8,4.2,465.9,5.0,458.4,2.8,453.4,6.1,439.6,4.6,371.1,7.8,369.7,7.6
2024-11-07 03:17:51.369: 1935.5,0.2,648.6,5.8,475.8,4.6,461.3,7.8,410.1,2.8,349.0,3.3,318.3,3.7,266.0,6.8,242.7,2.3
2024-11-07 03:17:51.445: 1955.5,0.2,537.5,5.4,514.3,4.2,507.9,6.8,480.2,4.8,476.9,2.6,460.1,5.7,365.5,7.3,335.3,3.2
2024-11-07 03:17:51.521: 1939.9,0.2,590.8,5.3,563.5,6.9,538.3,5.9,469.2,7.8,452.3,4.2,397.1,4.8,349.4,2.6,283.5,3.2
2024-11-07 03:17:51.597: 1953.6,0.2,746.9,4.8,704.2,5.8,497.1,3.1,496.3,7.0,460.7,7.9,455.3,5.3,411.4,4.2,382.2,7.3
2024-11-07 03:17:51.673: 1921.2,0.2,748.4,4.5,636.8,5.8,585.7,2.7,576.6,7.0,473.7,3.2,466.8,6.3,425.3,3.8,409.5,5.3
2024-11-07 03:17:51.749: 1936.3,0.2,742.4,4.6,626.3,5.8,523.7,3.9,519.3,6.5,512.1,2.8,457.0,5.2,451.3,7.1,443.0,8.3
2024-11-07 03:17:51.825: 1932.4,0.2,696.8,4.7,608.1,3.9,561.6,5.2,516.2,6.4,486.2,4.3,481.1,3.0,474.7,5.8,343.1,8.0
2024-11-07 03:17:51.901: 1938.1,0.2,618.0,3.9,590.6,4.6,498.3,4.3,441.8,5.8,417.3,6.9,395.3,5.2,388.1,2.9,387.9,7.3
2024-11-07 03:17:51.977: 1933.2,0.2,549.4,7.7,530.9,4.5,502.1,4.0,461.7,7.0,450.4,6.3,438.1,3.1,436.1,2.7,402.3,3.6
2024-11-07 03:17:52.053: 1966.9,0.2,552.3,6.4,531.7,4.0,501.3,5.1,480.9,8.0,476.1,5.7,440.2,4.5,405.5,8.9,372.6,7.0
2024-11-07 03:17:52.129: 1998.7,0.2,536.4,5.8,513.2,4.6,443.3,3.2,422.1,4.2,420.5,6.4,406.9,7.0,382.9,5.1,378.8,7.5
2024-11-07 03:17:52.205: 2002.8,0.2,583.7,5.8,549.3,6.3,532.3,3.1,507.8,4.1,389.4,7.0,368.4,5.2,301.1,8.7,294.3,2.7
2024-11-07 03:17:52.281: 1990.9,0.2,595.7,6.0,526.7,3.1,483.5,4.2,479.6,3.6,380.9,7.0,373.3,5.2,352.1,2.7,288.4,7.5
2024-11-07 03:17:52.357: 1963.7,0.2,628.2,5.7,453.4,3.6,410.2,4.2,409.9,6.1,386.0,7.9,365.3,3.0,354.0,5.1,347.7,7.0
2024-11-07 03:17:52.433: 1965.6,0.2,477.1,5.7,464.5,3.5,353.5,6.1,352.8,4.6,341.9,8.6,325.6,5.1,311.6,1.9,282.0,2.8
2024-11-07 03:17:52.509: 2012.7,0.2,561.4,5.8,419.8,3.6,336.3,3.3,327.3,7.6,318.7,1.8,306.2,5.1,277.6,8.9,264.4,7.0
2024-11-07 03:17:52.585: 2043.8,0.2,558.6,5.8,479.6,1.9,448.0,6.1,426.6,3.6,307.8,7.0,284.7,5.1,266.1,8.6,265.9,10.4
2024-11-07 03:17:52.661: 2052.4,0.2,716.9,5.7,383.7,1.9,380.3,6.1,375.0,7.0,344.2,5.1,300.6,3.6,295.9,3.3,290.6,10.7
2024-11-07 03:17:52.737: 2036.8,0.2,676.0,5.7,400.0,5.1,370.1,4.1,366.8,7.0,296.7,3.6,263.1,10.7,258.0,7.6,242.3,3.3
2024-11-07 03:17:52.813: 2023.7,0.2,507.7,4.8,499.2,5.6,390.8,6.0,368.2,3.6,366.7,7.0,332.2,8.2,328.3,2.8,301.8,4.1
2024-11-07 03:17:52.889: 1993.7,0.2,646.4,5.7,625.6,5.3,625.2,4.6,444.7,6.2,306.3,3.3,294.4,3.7,268.7,8.7,267.1,7.3
2024-11-07 03:17:52.965: 2048.8,0.2,716.9,5.2,574.4,4.8,552.1,4.5,453.1,4.1,385.7,3.1,383.1,3.6,364.2,2.7,349.4,6.3
2024-11-07 03:17:53.041: 2012.2,0.2,628.1,4.8,621.7,5.1,617.1,4.6,543.4,5.6,460.6,2.7,382.9,4.1,363.8,3.2,334.5,6.2
2024-11-07 03:17:53.117: 2059.1,0.2,540.5,4.9,459.3,6.2,438.4,3.1,415.6,5.8,400.1,6.6,365.3,4.1,302.8,8.0,292.0,7.1
2024-11-07 03:17:53.193: 2059.1,0.2,563.9,4.9,376.2,5.3,352.2,3.0,333.7,6.3,332.8,6.7,313.4,8.3,297.2,5.7,282.7,3.8
2024-11-07 03:17:53.269: 2026.8,0.2,770.1,4.9,375.5,8.6,330.8,2.9,318.6,8.3,303.9,6.8,292.2,5.7,273.5,7.9,223.8,3.8
2024-11-07 03:17:53.345: 2035.8,0.2,545.5,5.0,458.8,5.8,443.2,2.8,404.2,5.3,338.7,7.0,326.3,8.8,318.6,6.4,286.2,7.3
2024-11-07 03:17:53.421: 1997.6,0.2,559.4,5.1,547.4,4.8,506.1,2.7,442.0,5.8,421.3,8.4,388.1,4.2,357.9,8.0,339.7,9.0
2024-11-07 03:17:53.498: 1946.0,0.2,759.1,5.1,509.0,2.8,427.3,5.7,410.2,8.6,399.8,4.5,331.3,7.9,265.6,7.3,257.7,6.2
2024-11-07 03:17:53.573: 1967.2,0.2,507.6,5.1,468.8,5.6,406.6,4.4,402.0,7.1,347.1,6.1,333.5,6.5,321.2,8.8,263.5,8.4
2024-11-07 03:17:53.649: 1950.7,0.2,676.8,5.7,549.6,4.4,468.3,5.2,365.9,7.1,363.8,2.9,359.9,6.6,310.5,3.3,292.3,8.4
2024-11-07 03:17:53.725: 1938.8,0.2,709.3,5.8,619.2,5.1,470.4,6.4,411.2,7.1,365.9,4.4,331.1,3.6,298.4,6.7,286.9,8.4
2024-11-07 03:17:53.801: 1894.0,0.2,660.1,5.6,646.4,5.0,510.9,5.9,421.3,7.2,352.3,4.3,342.7,2.6,294.0,6.7,272.1,8.9
2024-11-07 03:17:53.877: 1887.1,0.2,616.3,5.1,561.3,4.7,493.1,5.6,401.6,6.2,375.5,3.0,362.7,3.3,351.2,2.1,346.1,7.1
2024-11-07 03:17:53.953: 1956.7,0.2,547.7,5.1,453.5,4.7,405.5,3.0,396.5,3.4,380.2,8.5,376.8,6.1,375.4,2.6,374.4,7.5
2024-11-07 03:17:54.029: 1950.5,0.2,637.9,2.7,565.7,5.8,498.2,5.1,441.1,4.8,438.8,4.3,374.4,8.4,350.3,4.0,307.4,7.7
2024-11-07 03:17:54.105: 1958.5,0.2,645.8,2.7,579.1,5.7,425.3,8.5,375.6,5.1,341.4,6.0,337.9,4.6,332.1,7.3,324.9,3.7
2024-11-07 03:17:54.181: 1943.4,0.2,582.0,6.0,528.6,5.5,527.5,2.6,472.2,2.9,452.7,4.4,371.1,3.3,354.8,5.0,327.0,6.7
2024-11-07 03:17:54.257: 1971.5,0.2,492.0,6.0,443.8,2.9,442.5,3.3,426.6,5.1,420.5,7.3,380.4,2.6,367.6,5.5,365.7,2.3
2024-11-07 03:17:54.333: 1934.5,0.2,615.6,5.6,584.9,2.9,476.9,6.2,434.5,3.3,406.4,4.2,365.3,9.2,336.9,4.8,329.6,7.3
2024-11-07 03:17:54.409: 1994.3,0.2,620.8,5.6,489.0,2.9,436.9,3.6,433.4,6.3,385.2,2.3,353.6,6.7,351.9,9.2,346.6,2.6
2024-11-07 03:17:54.485: 1964.1,0.2,480.4,4.7,465.2,3.0,445.1,4.2,432.7,5.5,373.5,6.4,372.2,7.4,341.9,3.6,320.7,9.2
2024-11-07 03:17:54.561: 1971.7,0.2,640.4,2.9,630.0,5.8,408.6,4.2,405.8,6.7,396.5,4.8,332.9,7.4,290.7,2.4,263.6,9.8
2024-11-07 03:17:54.637: 1951.8,0.2,676.1,5.8,567.3,3.0,376.1,4.3,341.9,3.9,332.2,7.3,313.8,2.6,285.5,10.0,273.1,2.4
2024-11-07 03:17:54.713: 1985.1,0.2,487.1,3.7,480.8,4.7,478.4,3.0,414.4,6.3,388.7,5.7,375.3,5.9,298.6,7.3,297.1,5.1
2024-11-07 03:17:54.789: 2006.3,0.2,550.2,2.8,464.4,5.1,445.8,7.3,442.2,3.6,390.1,4.4,372.1,6.5,358.8,6.1,311.1,4.8
2024-11-07 03:17:54.865: 1970.4,0.2,633.9,4.2,557.4,5.1,503.8,5.9,437.1,3.6,385.0,7.3,370.0,2.8,276.4,8.6,273.1,9.9
2024-11-07 03:17:54.941: 2000.9,0.2,716.4,5.8,538.5,4.4,494.0,5.1,474.4,6.4,418.0,3.9,352.0,2.9,316.4,3.2,308.5,7.3
2024-11-07 03:17:55.017: 2050.5,0.2,669.4,5.9,506.9,3.9,484.9,4.5,479.7,2.7,456.9,5.1,379.0,5.5,369.1,3.1,361.1,6.5
2024-11-07 03:17:55.093: 2037.5,0.2,599.9,4.5,565.7,5.1,521.5,6.1,454.2,3.9,408.4,5.5,389.9,3.2,348.7,2.6,245.0,7.3
2024-11-07 03:17:55.169: 2061.7,0.2,578.1,2.9,487.5,6.1,479.7,5.1,454.5,3.9,402.1,4.7,402.1,4.5,345.4,8.7,313.2,5.6
2024-11-07 03:17:55.245: 1993.2,0.2,648.1,5.0,560.9,5.9,496.4,4.5,456.4,3.2,443.1,2.8,394.3,6.5,348.8,3.9,298.3,7.0
2024-11-07 03:17:55.321: 2005.4,0.2,550.4,5.8,497.7,3.8,467.9,6.4,467.8,5.1,436.0,3.3,382.8,4.4,363.3,7.0,336.1,2.6
2024-11-07 03:17:55.397: 1934.8,0.2,528.6,4.6,519.9,3.8,466.8,5.0,433.3,5.8,388.6,6.1,381.2,5.4,317.7,2.9,308.0,7.7
2024-11-07 03:17:55.473: 1910.3,0.2,475.9,4.8,474.4,2.8,465.7,5.5,458.1,3.7,436.9,5.8,435.6,6.1,435.2,4.2,269.5,6.9
2024-11-07 03:17:55.549: 1909.9,0.2,544.1,5.0,492.9,5.5,435.3,3.3,418.5,3.7,386.9,6.1,353.8,6.9,338.3,2.8,336.1,4.1
2024-11-07 03:17:55.625: 1943.5,0.2,492.7,3.6,475.6,5.5,359.1,4.5,316.4,6.2,314.1,5.0,309.9,6.8,309.6,2.7,306.1,5.8
2024-11-07 03:17:55.701: 1991.1,0.2,440.7,5.5,377.1,3.0,342.0,6.2,341.2,3.9,338.6,4.1,288.2,7.4,287.8,5.0,287.3,6.7
2024-11-07 03:17:55.777: 2013.8,0.2,546.3,4.1,494.6,5.5,397.6,3.1,358.2,5.8,334.0,6.1,329.5,7.1,289.6,9.1,266.5,4.7
2024-11-07 03:17:55.853: 1983.2,0.2,492.5,5.9,470.2,4.1,396.4,5.5,371.5,3.1,312.6,6.3,282.3,8.8,270.5,2.6,259.6,6.9
2024-11-07 03:17:55.929: 1934.3,0.2,604.6,3.9,549.4,4.3,443.2,5.8,440.6,6.0,403.0,6.3,390.3,5.4,388.7,5.2,388.1,3.1
2024-11-07 03:17:56.005: 1989.6,0.2,573.9,4.2,563.4,3.9,532.2,3.6,505.7,4.7,396.1,6.0,370.8,5.5,366.2,2.7,360.4,6.3
2024-11-07 03:17:56.081: 1999.0,0.2,674.1,4.2,598.9,3.5,585.5,4.8,439.7,2.6,436.0,5.8,328.3,8.3,298.4,6.5,194.0,9.8
2024-11-07 03:17:56.157: 1959.4,0.2,644.1,3.9,618.1,3.5,491.8,4.9,486.9,5.8,425.4,8.4,415.8,2.7,383.6,6.4,370.2,7.0
2024-11-07 03:17:56.233: 1940.7,0.2,760.3,4.1,519.3,5.7,508.1,4.8,478.1,6.3,475.6,3.6,467.6,3.3,345.6,8.3,301.9,7.6
2024-11-07 03:17:56.309: 1979.1,0.2,641.3,5.8,596.1,4.0,542.9,4.6,413.8,3.3,359.4,6.5,346.7,8.4,319.9,8.8,317.5,5.0
2024-11-07 03:17:56.385: 2015.1,0.2,543.7,3.9,525.9,5.7,493.9,4.6,453.3,6.4,443.5,6.2,351.4,9.4,285.9,2.9,282.3,7.1
2024-11-07 03:17:56.461: 1929.5,0.2,579.1,5.8,464.5,4.8,464.1,3.9,411.1,6.3,400.2,5.3,252.3,9.4,248.8,7.7,248.7,8.7
2024-11-07 03:17:56.537: 1867.4,0.2,587.8,3.7,514.3,5.8,493.1,4.8,413.6,6.6,367.0,4.5,350.6,3.3,313.9,2.6,309.4,8.4
2024-11-07 03:17:56.613: 1828.7,0.2,478.3,3.6,431.9,4.9,421.5,6.3,402.5,4.4,380.9,6.0,363.1,5.2,265.4,3.1,247.1,7.5
2024-11-07 03:17:56.689: 1795.3,0.2,477.6,3.6,452.2,4.0,447.3,6.5,393.5,6.1,369.3,5.1,366.9,5.0,315.8,5.7,287.5,2.7
2024-11-07 03:17:56.765: 1885.1,0.2,629.8,4.0,415.2,6.5,412.5,3.3,388.6,5.1,360.1,4.5,358.2,7.4,343.6,6.0,341.0,7.0
2024-11-07 03:17:56.841: 1878.5,0.2,481.5,4.0,476.2,5.7,466.1,5.1,442.4,4.5,415.9,6.3,344.7,7.2,325.2,3.6,279.7,3.3
2024-11-07 03:17:56.917: 1902.3,0.2,580.9,5.2,561.5,6.2,520.4,3.9,505.1,4.5,391.4,4.8,331.1,6.9,328.7,5.8,308.6,7.3
2024-11-07 03:17:56.993: 1938.8,0.2,616.4,5.5,589.6,4.0,533.2,6.4,511.6,5.8,444.8,7.4,428.3,7.0,383.5,4.8,341.3,2.8
2024-11-07 03:17:57.070: 1931.1,0.2,636.9,6.2,600.9,4.5,575.6,6.9,538.3,7.3,499.4,5.1,488.3,3.6,484.8,5.4,476.4,5.8
2024-11-07 03:17:57.146: 1891.3,0.2,695.8,5.1,582.8,3.8,507.7,6.1,438.1,6.6,419.4,5.5,401.8,6.9,378.2,7.2,322.7,2.7
2024-11-07 03:17:57.223: 1912.9,0.2,565.7,6.1,541.3,5.7,533.1,5.2,516.3,4.6,447.2,4.0,419.5,8.4,393.6,7.9,363.0,6.9
2024-11-07 03:17:57.299: 1903.2,0.2,668.2,5.5,598.7,6.1,507.3,4.5,340.6,3.6,335.2,5.1,313.9,7.6,296.0,6.7,294.2,6.6
2024-11-07 03:17:57.375: 1872.7,0.2,617.8,5.6,439.4,6.0,394.6,4.7,371.2,4.0,361.0,6.6,341.5,7.2,339.5,8.9,310.0,7.8
2024-11-07 03:17:57.451: 1916.9,0.2,564.6,7.1,548.4,5.7,412.9,4.1,340.9,2.7,334.3,6.5,324.6,9.0,298.0,4.7,283.8,7.9
2024-11-07 03:17:57.528: 1994.6,0.2,491.2,7.1,489.6,5.8,441.2,4.1,408.1,2.6,392.3,5.5,388.7,7.9,368.4,5.1,334.7,6.4
2024-11-07 03:17:57.604: 1972.2,0.2,571.8,5.8,508.0,4.9,495.5,4.4,461.8,7.7,449.3,5.5,448.9,7.2,383.4,2.6,353.0,3.1
2024-11-07 03:17:57.681: 1940.8,0.2,670.4,5.8,479.2,4.6,378.3,7.3,347.7,3.8,340.9,6.5,332.1,2.7,292.6,6.8,274.3,9.3
2024-11-07 03:17:57.757: 1901.9,0.2,552.2,5.4,534.2,5.8,490.9,4.6,444.1,7.9,443.7,5.0,367.4,4.0,366.9,7.3,364.7,3.1
2024-11-07 03:17:57.834: 1867.5,0.2,786.0,5.8,659.8,5.1,512.5,6.4,449.5,4.5,419.7,7.8,370.8,7.0,334.4,3.2,334.0,9.1
2024-11-07 03:17:57.910: 1794.5,0.2,791.2,5.9,722.2,5.0,643.9,7.6,610.6,4.5,470.0,8.4,391.2,8.9,348.0,6.4,288.4,6.8
2024-11-07 03:17:57.987: 1815.4,0.2,873.7,6.0,670.2,4.5,609.1,5.0,502.7,7.6,475.5,8.9,431.8,7.2,387.4,6.8,317.3,8.3
2024-11-07 03:17:58.063: 1822.9,0.2,698.9,5.1,641.4,5.8,528.9,4.5,483.0,6.9,467.2,7.6,404.8,8.9,284.3,8.2,280.7,9.9
2024-11-07 03:17:58.140: 1823.9,0.2,600.9,7.0,574.3,5.8,523.2,7.6,502.1,6.3,466.3,4.4,430.0,5.2,406.0,3.0,404.4,4.7
2024-11-07 03:17:58.216: 1854.1,0.2,691.5,6.2,572.8,3.0,509.0,7.0,434.2,4.3,410.8,3.7,407.9,5.5,319.1,4.7,318.6,8.7
2024-11-07 03:17:58.293: 1856.8,0.2,617.6,5.9,566.6,3.8,524.7,5.4,434.4,4.8,434.4,3.0,405.4,6.4,392.1,8.1,374.1,6.8
2024-11-07 03:17:58.369: 1855.8,0.2,654.2,5.8,566.2,4.9,470.2,6.4,424.7,5.3,413.2,3.0,377.6,8.2,344.3,6.9,340.2,7.5
2024-11-07 03:17:58.446: 1867.8,0.2,532.6,5.8,528.3,4.8,506.2,6.4,456.5,8.1,395.4,3.1,334.3,7.0,326.0,2.6,286.5,8.9
2024-11-07 03:17:58.522: 1891.2,0.2,507.3,4.8,474.8,6.4,448.9,6.1,417.7,3.2,381.0,7.0,346.9,8.6,334.2,9.8,309.9,8.1
2024-11-07 03:17:58.599: 1927.6,0.2,561.9,6.5,553.5,5.8,467.9,7.0,432.7,4.8,333.9,4.1,317.5,7.5,292.5,10.3,288.1,8.6
2024-11-07 03:17:58.675: 1902.5,0.2,555.2,5.8,484.7,4.9,405.4,9.4,371.7,6.6,359.2,3.1,351.7,2.9,349.5,4.2,327.9,8.5
2024-11-07 03:17:58.752: 1869.8,0.2,647.7,3.2,548.9,6.5,489.2,5.8,443.0,4.8,429.1,2.8,388.2,4.6,382.6,9.7,341.1,7.9
2024-11-07 03:17:58.828: 1872.6,0.2,556.6,6.5,550.6,3.2,525.7,2.8,453.8,8.1,424.0,4.6,394.9,9.7,389.4,4.1,333.6,1.8
2024-11-07 03:17:58.905: 1832.7,0.2,618.2,6.4,468.4,2.8,458.3,4.2,456.4,8.9,451.9,8.6,450.2,8.4,410.1,7.0,410.1,5.8
2024-11-07 03:17:58.981: 1777.5,0.2,559.1,6.4,528.0,6.1,447.7,1.8,433.2,3.6,400.2,5.0,384.6,5.5,379.6,8.3,358.8,8.0
2024-11-07 03:17:59.058: 1840.6,0.2,625.0,6.6,599.7,1.9,487.9,7.9,447.8,5.9,437.5,5.4,369.6,4.2,358.9,8.7,350.8,5.0
2024-11-07 03:17:59.135: 1807.5,0.2,567.8,2.0,558.3,4.6,524.2,5.9,456.7,9.1,436.6,9.6,423.2,7.8,414.4,3.6,410.2,7.0
2024-11-07 03:17:59.212: 1811.0,0.2,519.5,5.9,481.2,9.0,459.9,6.9,453.4,8.6,445.4,4.5,445.2,2.6,433.2,5.4,413.2,4.9
2024-11-07 03:17:59.289: 1805.3,0.2,550.2,8.7,532.0,6.9,473.5,2.7,462.3,6.0,416.5,3.3,406.4,5.1,391.9,1.8,373.3,2.4
2024-11-07 03:17:59.366: 1760.1,0.2,576.0,6.9,506.5,2.8,492.6,5.3,450.7,5.1,407.8,3.9,363.2,6.0,358.1,8.7,339.1,4.6
2024-11-07 03:17:59.443: 1812.1,0.2,600.7,6.1,504.1,4.6,497.3,7.0,420.3,7.9,397.1,9.3,385.2,8.9,377.4,2.0,370.0,2.8
2024-11-07 03:17:59.520: 1809.1,0.2,474.5,2.8,465.0,9.4,451.0,2.2,442.5,8.9,427.6,7.1,403.0,4.6,393.8,6.2,370.8,7.9
2024-11-07 03:17:59.597: 1812.8,0.2,517.5,9.5,495.6,2.3,487.0,2.6,450.3,8.9,433.7,10.0,391.7,3.0,382.3,7.1,377.7,3.3
2024-11-07 03:17:59.674: 1752.0,0.2,685.3,2.6,576.7,2.4,570.9,8.9,464.8,3.4,393.6,7.9,379.1,3.0,347.3,7.1,338.3,8.6
2024-11-07 03:17:59.751: 1763.8,0.2,485.5,2.6,474.9,8.9,451.3,2.2,427.9,7.9,377.4,8.6,358.7,7.1,336.5,3.2,331.6,3.5
2024-11-07 03:17:59.828: 1787.0,0.2,577.1,2.6,443.5,8.9,433.6,6.4,432.8,5.7,418.5,4.4,406.7,10.1,347.4,7.9,325.6,10.7
2024-11-07 03:17:59.905: 1831.6,0.2,521.9,8.9,428.3,10.0,418.6,8.0,416.0,6.2,393.1,2.6,365.4,5.3,318.4,3.5,288.0,2.1
2024-11-07 03:17:59.982: 1830.9,0.2,467.6,2.6,465.0,5.3,448.5,8.9,344.0,10.0,337.8,6.2,332.4,6.7,309.7,3.3,290.1,8.0
2024-11-07 03:18:00.059: 1817.1,0.2,547.4,6.4,448.0,2.6,417.1,9.1,394.2,4.5,390.9,2.9,351.5,5.8,328.4,8.6,325.1,5.4
2024-11-07 03:18:00.136: 1775.3,0.2,523.7,6.5,514.0,6.1,411.8,2.7,400.1,4.2,365.1,4.7,359.8,5.7,356.2,9.4,356.0,9.0
2024-11-07 03:18:00.213: 1759.3,0.2,508.6,6.4,477.9,2.7,407.3,4.3,387.3,9.5,375.5,6.0,363.5,9.8,355.1,10.2,343.9,4.8
2024-11-07 03:18:00.290: 1724.7,0.2,526.8,6.1,417.0,2.7,403.7,9.5,358.6,5.8,344.1,4.2,317.9,10.9,293.3,5.4,285.7,8.3
2024-11-07 03:18:00.367: 1702.2,0.2,608.8,9.4,412.3,2.6,387.9,6.4,361.4,6.1,350.5,5.4,329.9,4.2,328.8,8.8,303.6,8.3
2024-11-07 03:18:00.444: 1755.8,0.2,506.1,5.4,484.9,6.4,480.7,5.7,480.7,9.5,429.6,4.2,366.9,8.3,347.7,3.0,342.0,4.8
2024-11-07 03:18:00.521: 1717.6,0.2,529.1,9.5,527.7,5.3,521.9,4.7,504.8,6.4,477.5,5.8,314.3,2.8,307.7,2.7,291.7,8.7
2024-11-07 03:18:00.598: 1746.1,0.2,626.2,5.9,626.0,6.2,428.5,5.4,370.3,9.4,367.9,7.1,333.1,4.9,330.2,8.5,327.9,4.7
2024-11-07 03:18:00.675: 1760.4,0.2,646.7,6.0,635.9,5.8,449.7,3.0,444.4,4.8,402.0,7.0,381.1,4.3,361.8,10.3,357.7,9.4
2024-11-07 03:18:00.752: 1759.7,0.2,772.4,5.8,440.6,7.0,374.5,10.4,363.9,4.7,359.4,3.0,339.1,4.1,333.4,5.0,327.0,9.5
2024-11-07 03:18:00.829: 1783.1,0.2,790.3,5.9,367.3,7.0,358.2,10.1,357.4,7.3,336.8,3.3,320.0,4.7,300.7,11.1,277.3,4.0
2024-11-07 03:18:00.906: 1835.4,0.2,618.7,5.9,416.0,5.0,396.2,4.7,351.7,7.6,347.9,3.3,337.9,2.8,332.5,7.0,312.0,10.3
2024-11-07 03:18:00.983: 1879.7,0.2,500.3,6.0,436.6,5.0,410.8,8.5,403.4,7.6,398.3,5.6,369.6,2.8,309.6,6.6,295.5,3.3
2024-11-07 03:18:01.060: 1804.4,0.2,489.1,5.0,389.9,2.8,381.2,9.6,353.3,8.4,341.7,6.1,335.7,5.8,325.6,4.0,304.4,1.5
2024-11-07 03:18:01.137: 1767.9,0.2,545.0,3.0,452.8,1.9,428.7,5.5,418.8,4.1,385.2,9.6,385.0,7.7,349.7,5.1,349.6,8.9
2024-11-07 03:18:01.214: 1798.5,0.2,523.0,9.2,468.1,9.7,434.8,6.0,431.1,4.0,430.3,1.8,366.8,5.7,363.8,4.9,347.5,3.0
2024-11-07 03:18:01.291: 1757.8,0.2,612.5,1.8,547.8,5.6,412.4,4.3,411.8,9.8,393.2,6.0,383.0,5.1,353.0,3.2,350.6,6.4
2024-11-07 03:18:01.368: 1786.0,0.2,577.9,1.8,457.1,4.4,448.1,5.6,437.0,3.3,430.1,6.0,426.5,6.4,387.2,4.8,339.2,9.8
2024-11-07 03:18:01.445: 1776.8,0.2,545.3,4.5,484.9,3.3,432.0,5.6,418.4,1.6,407.2,9.6,396.3,3.0,389.4,3.9,367.1,6.1
2024-11-07 03:18:01.522: 1852.9,0.2,661.3,9.5,561.6,3.1,552.4,3.0,540.6,1.5,508.1,2.6,438.9,6.1,424.7,7.6,400.9,4.3
2024-11-07 03:18:01.599: 1753.5,0.2,850.9,2.6,820.5,1.5,710.3,9.7,609.9,3.1,445.9,10.5,443.9,4.3,441.7,6.1,418.6,3.6
2024-11-07 03:18:01.676: 1809.0,0.2,1033.0,2.0,581.5,10.1,578.9,3.0,526.0,5.6,461.1,2.6,459.5,9.3,378.8,8.1,366.9,3.9
2024-11-07 03:18:01.753: 1757.4,0.2,1121.0,1.7,592.1,2.7,509.2,3.3,488.2,8.2,479.9,9.7,450.9,3.9,433.6,5.5,333.9,5.9
2024-11-07 03:18:01.830: 1823.6,0.2,1055.1,1.7,514.3,8.0,485.5,2.6,468.6,9.4,434.4,8.9,406.1,2.9,405.5,3.9,405.3,3.4
2024-11-07 03:18:01.907: 1831.9,0.2,835.2,1.7,510.1,2.7,502.8,2.6,446.0,3.6,442.8,9.3,437.1,2.4,372.4,6.3,372.2,8.1
2024-11-07 03:18:01.984: 1785.4,0.2,689.7,1.7,493.9,8.9,454.7,5.8,439.7,2.8,396.7,4.2,338.1,3.6,319.8,10.0,317.3,10.8
2024-11-07 03:18:02.061: 1810.2,0.2,591.3,1.7,533.9,2.2,459.6,10.1,413.4,9.4,398.5,5.8,396.3,8.9,343.9,3.0,341.9,3.3
2024-11-07 03:18:02.138: 1838.9,0.2,748.2,2.3,652.8,10.1,461.1,8.9,391.5,5.1,375.2,1.7,372.8,5.8,350.7,11.1,317.8,2.8
2024-11-07 03:18:02.215: 1822.7,0.2,760.3,2.3,618.3,9.8,402.1,3.1,318.0,4.6,316.1,8.7,290.7,5.1,275.7,5.8,270.9,3.9
2024-11-07 03:18:02.292: 1769.9,0.2,880.8,2.0,723.5,2.4,442.2,3.1,428.4,9.7,424.6,10.4,316.4,4.6,291.8,4.1,273.3,6.2
2024-11-07 03:18:02.369: 1819.9,0.2,1069.2,2.0,940.0,2.4,447.2,4.2,428.3,10.3,380.7,3.1,325.9,8.6,318.7,9.8,279.0,9.5
2024-11-07 03:18:02.446: 1870.8,0.2,881.2,2.1,869.0,2.3,519.6,3.8,515.7,3.1,408.1,11.1,383.7,10.5,299.8,4.2,298.7,5.7
2024-11-07 03:18:02.523: 1903.3,0.2,736.3,2.3,555.5,3.1,447.6,3.8,422.4,5.8,414.1,2.6,343.5,11.6,293.3,4.2,290.2,5.0
2024-11-07 03:18:02.600: 1948.5,0.2,624.3,3.1,578.9,2.3,419.2,2.6,357.8,5.6,337.5,3.9,267.0,10.5,260.5,5.0,258.2,9.5
2024-11-07 03:18:02.677: 1980.2,0.2,626.3,3.1,534.5,2.6,438.0,2.3,369.3,5.7,348.2,4.9,345.4,10.5,330.6,4.4,270.3,11.6
2024-11-07 03:18:02.754: 1975.1,0.2,479.5,3.4,458.4,2.3,438.0,5.1,431.3,2.7,420.7,5.8,406.9,4.4,299.4,11.6,272.8,10.6
2024-11-07 03:18:02.831: 1962.0,0.2,537.8,2.3,531.1,5.7,518.7,3.4,396.1,4.8,373.0,4.3,335.4,1.9,335.1,10.1,320.7,2.6
2024-11-07 03:18:02.908: 1963.9,0.2,545.4,2.6,524.7,2.7,521.7,5.8,488.8,2.4,469.8,3.4,437.4,4.2,386.3,4.9,364.8,11.1
2024-11-07 03:18:02.985: 1891.0,0.2,911.1,2.7,701.5,5.8,507.9,6.7,392.9,4.8,384.6,4.2,379.6,11.1,353.0,1.9,320.2,3.4
2024-11-07 03:18:03.062: 1912.4,0.2,830.1,2.7,590.5,6.7,542.2,6.1,517.5,2.0,478.7,4.7,477.4,4.3,385.9,5.6,369.0,10.5
2024-11-07 03:18:03.139: 1917.2,0.2,1039.9,2.7,540.4,6.7,494.7,6.0,422.2,4.8,364.3,4.4,332.2,10.2,328.5,5.6,326.3,2.0
2024-11-07 03:18:03.216: 1938.8,0.2,732.4,2.8,490.3,6.7,477.5,5.8,457.5,3.3,443.4,10.6,441.1,10.4,390.0,7.1,376.8,11.1
2024-11-07 03:18:03.293: 1973.1,0.2,790.1,2.8,439.8,2.3,399.3,4.3,393.3,10.4,360.2,7.2,337.8,7.6,334.6,3.3,322.0,11.0
2024-11-07 03:18:03.370: 1965.6,0.2,604.2,2.7,544.8,3.9,428.7,2.3,327.5,5.8,324.8,4.8,318.8,3.3,305.0,7.1,276.9,10.4
2024-11-07 03:18:03.447: 1929.6,0.2,589.2,2.7,522.1,3.9,380.1,3.0,346.5,2.3,331.9,5.7,327.9,4.4,304.1,6.1,283.7,11.9
2024-11-07 03:18:03.524: 1936.4,0.2,548.1,3.9,505.1,3.0,427.0,2.6,402.0,4.7,390.6,5.7,355.0,6.1,297.6,2.3,285.1,8.3
2024-11-07 03:18:03.601: 1934.6,0.2,462.8,3.9,462.7,4.5,399.4,5.7,354.9,7.3,330.7,2.7,327.3,3.6,311.0,3.0,301.9,6.2
2024-11-07 03:18:03.678: 1943.4,0.2,586.6,3.8,502.3,4.4,382.8,11.2,377.1,5.7,355.3,2.7,339.7,3.1,331.1,7.3,313.3,6.9
2024-11-07 03:18:03.755: 1950.9,0.2,662.1,4.5,420.3,11.8,399.7,3.8,395.3,5.6,342.5,3.1,336.2,10.1,326.0,7.2,309.8,2.7
2024-11-07 03:18:03.832: 2016.8,0.2,531.5,4.5,505.8,3.4,445.9,3.8,384.6,11.5,362.9,2.7,328.6,10.2,311.5,12.4,309.9,6.8
2024-11-07 03:18:03.909: 1922.4,0.2,709.4,3.9,529.6,3.1,395.9,5.1,356.6,5.8,281.5,12.4,252.8,10.2,237.0,12.0,232.9,8.2
2024-11-07 03:18:03.986: 1858.4,0.2,618.8,5.8,568.1,3.2,429.3,3.9,333.8,11.1,286.0,4.6,271.0,8.3,255.8,13.1,253.8,5.2
2024-11-07 03:18:04.063: 1908.4,0.2,495.2,4.5,477.6,3.6,461.0,3.3,385.1,11.1,375.6,6.0,363.4,5.8,312.6,5.1,285.6,7.7
2024-11-07 03:18:04.140: 1907.6,0.2,744.2,4.5,726.6,3.9,410.4,11.4,396.3,3.5,377.3,6.1,344.1,11.7,321.2,5.7,308.3,2.8
2024-11-07 03:18:04.217: 1888.5,0.2,584.8,3.9,458.5,4.5,395.6,6.0,385.5,5.3,375.2,6.6,370.8,5.8,368.3,3.3,325.0,11.7
2024-11-07 03:18:04.294: 1891.8,0.2,600.5,6.0,528.9,4.5,449.3,3.9,423.7,2.6,396.0,6.6,365.5,3.3,294.8,7.3,282.8,12.3
2024-11-07 03:18:04.371: 1823.3,0.2,530.6,4.4,527.2,5.8,521.0,4.0,357.4,3.0,348.8,2.6,337.2,7.3,318.1,6.6,317.9,5.2
2024-11-07 03:18:04.448: 1830.1,0.2,579.1,4.1,563.3,4.3,528.7,5.8,445.6,2.6,364.5,5.0,354.2,3.3,349.5,11.2,343.4,8.0
2024-11-07 03:18:04.525: 1851.7,0.2,575.0,5.8,482.5,4.3,473.1,4.8,411.7,12.0,375.3,2.7,364.8,3.6,285.2,2.3,280.9,8.0
2024-11-07 03:18:04.602: 1859.2,0.2,573.7,4.5,400.1,5.7,388.4,9.0,374.6,12.1,361.6,6.6,348.2,3.6,330.9,2.9,312.9,9.5
2024-11-07 03:18:04.679: 1837.7,0.2,708.2,4.3,425.4,11.9,362.4,13.0,346.4,7.3,338.4,8.6,331.8,11.3,322.4,2.8,317.5,7.9
2024-11-07 03:18:04.756: 1867.3,0.2,628.2,4.1,558.3,3.8,507.3,4.8,495.9,5.1,406.8,11.9,398.3,3.0,386.2,11.1,380.7,7.0
2024-11-07 03:18:04.833: 1793.6,0.2,556.5,5.1,513.7,6.0,453.4,4.2,427.9,3.8,402.2,3.0,359.5,9.8,339.3,11.5,334.3,8.9
2024-11-07 03:18:04.910: 1826.9,0.2,841.1,4.7,442.3,4.2,409.7,3.6,365.3,10.7,350.2,3.1,336.7,9.9,332.8,9.0,299.7,6.0
2024-11-07 03:18:04.987: 1850.2,0.2,620.6,4.7,419.7,8.9,390.2,3.6,385.1,9.2,363.2,4.1,337.5,2.2,294.3,9.9,288.0,10.7
2024-11-07 03:18:05.064: 1893.9,0.2,716.5,4.7,329.7,2.8,325.6,2.3,323.6,2.6,317.0,3.6,305.0,5.7,302.6,6.0,297.5,9.2
2024-11-07 03:18:05.141: 1836.4,0.2,595.7,4.5,414.5,4.9,406.8,2.8,369.5,5.9,347.1,2.3,306.0,9.1,292.2,3.6,277.4,6.7
2024-11-07 03:18:05.218: 1894.3,0.2,633.0,5.0,440.7,2.8,431.2,4.3,367.2,6.8,359.4,2.3,343.4,5.8,336.8,12.0,329.5,3.5
2024-11-07 03:18:05.295: 1895.0,0.2,701.9,5.1,595.2,4.5,500.2,5.6,461.8,2.7,405.4,4.1,329.1,12.9,327.3,10.7,318.1,8.9
2024-11-07 03:18:05.372: 1856.4,0.2,676.3,5.1,555.8,4.5,461.7,4.1,445.9,5.6,397.4,2.8,381.3,1.7,360.2,9.5,355.7,3.3
2024-11-07 03:18:05.449: 1915.8,0.2,703.4,5.1,572.0,4.6,364.5,9.4,361.7,6.5,360.2,8.3,345.8,3.6,345.0,8.9,341.5,2.7
2024-11-07 03:18:05.526: 1903.2,0.2,607.6,5.2,576.8,5.8,449.5,4.6,429.7,9.4,414.1,2.7,413.1,3.6,401.4,8.7,371.3,3.1
2024-11-07 03:18:05.603: 1926.9,0.2,618.5,5.1,474.5,2.9,471.5,3.0,401.6,1.9,382.4,3.9,333.6,6.3,323.9,5.7,320.3,4.5
2024-11-07 03:18:05.680: 1860.2,0.2,588.1,4.9,530.8,6.1,422.0,2.8,419.2,7.0,414.2,7.5,412.8,4.4,365.9,3.2,339.6,9.5
2024-11-07 03:18:05.757: 1859.7,0.2,543.9,6.1,509.3,4.8,409.9,3.5,380.1,7.5,373.6,5.7,372.3,2.6,330.8,2.3,324.6,4.4
2024-11-07 03:18:05.834: 1845.5,0.2,531.1,6.1,522.7,5.9,489.0,2.3,414.0,9.5,405.2,3.6,405.1,2.6,384.5,4.8,347.8,8.4
2024-11-07 03:18:05.911: 1837.3,0.2,526.6,5.2,510.2,6.1,458.4,3.6,422.4,4.4,420.4,7.6,403.9,7.0,389.2,5.7,388.9,2.2
2024-11-07 03:18:05.988: 1845.7,0.2,559.5,3.6,484.1,4.9,472.5,6.7,466.2,5.5,425.1,6.1,393.0,9.0,374.7,3.0,354.2,4.4
2024-11-07 03:18:06.065: 1848.7,0.2,749.3,5.6,585.3,6.3,525.2,5.1,485.8,4.4,360.8,3.6,357.4,9.1,340.4,3.8,333.1,2.8
2024-11-07 03:18:06.142: 1837.5,0.2,752.3,6.0,651.3,4.5,548.2,5.5,393.1,7.6,366.7,5.1,363.4,2.1,328.9,9.1,319.3,13.8
2024-11-07 03:18:06.219: 1866.2,0.2,725.6,5.5,710.0,6.1,461.9,4.5,366.5,2.2,359.9,13.9,322.8,7.6,304.3,3.6,299.5,3.8
2024-11-07 03:18:06.296: 1861.5,0.2,755.2,6.1,651.3,5.5,371.9,6.6,358.1,2.6,346.2,3.8,339.2,7.7,328.8,7.1,327.2,4.5
2024-11-07 03:18:06.373: 1942.2,0.2,779.9,6.1,776.3,5.4,434.6,2.1,423.9,1.7,387.5,7.7,322.0,2.6,297.2,7.0,292.7,9.9
2024-11-07 03:18:06.450: 1911.6,0.2,811.5,5.5,789.7,6.1,377.2,7.8,363.1,3.6,324.8,2.3,322.3,2.6,297.9,1.8,295.3,7.0
2024-11-07 03:18:06.527: 1894.9,0.2,845.0,6.2,793.6,5.3,419.4,2.9,375.5,1.8,342.3,2.3,336.3,7.9,319.6,4.5,315.9,8.3
2024-11-07 03:18:06.604: 1834.5,0.2,715.1,6.1,590.5,5.5,357.3,7.9,335.1,3.1,335.0,3.9,310.3,10.0,298.3,12.9,292.3,9.2
2024-11-07 03:18:06.681: 1847.5,0.2,656.8,6.1,555.0,5.5,463.3,8.8,392.8,7.4,373.5,9.2,357.2,2.9,354.1,7.8,323.4,4.2
2024-11-07 03:18:06.758: 1824.0,0.2,489.1,6.1,433.2,5.5,412.6,4.3,404.5,7.8,391.7,9.1,376.3,7.3,317.9,5.1,311.9,8.3
2024-11-07 03:18:06.835: 1866.8,0.2,429.3,2.8,392.9,2.0,388.2,7.8,370.8,5.8,370.1,5.5,354.0,4.1,327.0,6.7,324.2,9.1
2024-11-07 03:18:06.912: 1863.8,0.2,595.0,5.8,512.6,6.7,440.0,4.7,394.6,3.4,387.9,2.8,378.6,5.4,366.5,7.5,345.8,7.8
2024-11-07 03:18:06.989: 1886.2,0.2,537.8,6.6,528.2,5.9,458.9,7.5,385.7,5.2,383.6,4.7,327.0,3.4,287.5,1.9,278.7,4.2
2024-11-07 03:18:07.066: 1849.2,0.2,568.2,6.8,489.8,5.8,478.0,6.3,475.8,4.7,353.2,3.8,330.2,2.1,327.3,7.5,320.5,10.5
2024-11-07 03:18:07.143: 1917.6,0.2,591.7,6.9,391.1,4.6,368.5,7.7,361.8,2.2,355.3,10.6,350.8,11.3,329.5,5.8,312.0,9.9
2024-11-07 03:18:07.220: 1932.8,0.2,549.4,6.8,464.7,5.7,418.7,11.3,402.9,6.4,366.4,4.5,358.8,4.2,345.4,2.1,342.5,7.3
2024-11-07 03:18:07.297: 1929.6,0.2,574.1,6.8,567.8,5.8,386.4,11.3,378.9,2.1,370.7,1.9,347.4,7.2,339.0,12.3,326.9,10.1
2024-11-07 03:18:07.374: 1905.3,0.2,658.2,6.8,479.3,2.0,414.5,6.0,349.7,5.7,326.3,10.1,319.8,7.8,313.3,7.6,284.5,11.4
2024-11-07 03:18:07.451: 1901.7,0.2,592.8,6.8,435.7,5.8,435.3,7.7,363.0,2.0,343.4,10.2,297.1,2.6,278.5,9.3,267.5,4.0
2024-11-07 03:18:07.528: 1904.2,0.2,717.5,1.8,591.7,6.8,434.9,5.7,426.8,2.4,397.2,2.6,338.9,7.7,251.0,4.9,248.7,11.4
2024-11-07 03:18:07.605: 1917.7,0.2,460.0,1.9,436.3,3.0,432.7,6.7,399.5,2.6,351.4,5.8,349.4,2.4,324.2,7.3,286.6,5.2
2024-11-07 03:18:07.682: 1880.5,0.2,389.6,6.5,350.2,7.4,343.6,2.0,339.1,7.7,336.2,9.4,331.4,4.1,328.9,4.7,325.7,5.8
2024-11-07 03:18:07.759: 1869.0,0.2,417.2,6.6,412.6,3.0,363.1,9.3,359.4,5.8,327.4,2.6,310.4,5.2,298.3,7.7,274.0,10.7
2024-11-07 03:18:07.836: 1886.7,0.2,447.5,5.8,407.4,6.9,382.1,3.0,360.6,2.6,348.8,5.3,339.7,9.4,324.3,2.4,299.3,8.2
2024-11-07 03:18:07.912: 1920.4,0.2,432.4,2.9,399.0,6.9,383.6,8.9,346.5,5.8,334.9,5.2,298.0,7.6,295.5,2.3,268.4,3.6
2024-11-07 03:18:07.988: 1949.6,0.2,530.4,7.1,362.3,6.2,360.8,4.5,351.3,3.9,335.2,2.6,321.0,2.9,301.2,5.8,274.7,9.3
2024-11-07 03:18:08.064: 1938.7,0.2,424.0,7.2,407.8,8.2,405.9,2.9,391.6,5.7,383.7,4.0,382.4,9.3,296.0,6.8,284.0,6.1
2024-11-07 03:18:08.140: 1965.8,0.2,408.4,8.0,386.1,7.4,335.1,4.3,316.7,5.8,315.1,6.9,315.0,8.7,298.6,9.3,275.0,5.1
2024-11-07 03:18:08.216: 1956.4,0.2,458.5,5.1,418.1,5.8,409.2,6.8,382.0,8.0,371.3,7.4,362.8,2.6,359.1,9.3,356.8,3.9
2024-11-07 03:18:08.292: 2081.5,0.2,501.2,7.3,432.9,8.4,431.3,5.1,402.5,6.1,384.1,8.8,361.5,5.8,354.9,7.9,306.4,2.7
2024-11-07 03:18:08.368: 1988.6,0.2,455.8,5.9,417.0,2.8,402.8,8.6,401.7,6.7,362.5,7.9,351.8,5.1,315.2,2.1,296.7,7.3
2024-11-07 03:18:08.444: 2013.7,0.2,409.2,5.1,406.9,6.1,393.9,8.9,370.5,7.9,354.9,2.8,337.8,7.1,328.3,2.3,324.2,4.8
2024-11-07 03:18:08.520: 2034.9,0.2,404.9,7.9,375.6,5.0,310.3,9.2,307.9,8.6,296.3,6.1,288.4,3.5,278.9,7.0,251.9,2.1
2024-11-07 03:18:08.596: 2089.6,0.2,492.6,7.9,382.3,6.7,380.9,7.0,324.5,5.7,299.6,5.1,295.6,2.2,285.9,2.7,275.2,4.8
2024-11-07 03:18:08.673: 2112.8,0.2,442.4,7.9,359.1,5.0,335.1,5.8,332.0,8.3,324.4,7.1,308.9,5.3,294.0,4.2,284.0,10.1
2024-11-07 03:18:08.750: 2147.9,0.2,465.5,8.6,430.6,5.8,382.2,2.8,338.1,6.9,297.5,9.6,290.4,7.7,284.8,6.2,281.9,10.1
2024-11-07 03:18:08.827: 2066.6,0.2,452.0,8.3,408.1,9.7,351.9,6.4,339.6,5.7,322.1,4.6,317.0,5.0,290.8,2.8,276.2,6.9
2024-11-07 03:18:08.904: 2101.6,0.2,510.9,5.7,445.4,6.2,408.7,7.3,381.2,9.2,364.6,8.8,362.3,9.7,353.2,5.0,350.3,8.3
2024-11-07 03:18:08.980: 2156.9,0.2,518.3,5.7,442.8,6.2,348.5,7.3,337.1,8.8,334.1,3.0,321.0,9.0,312.9,9.7,312.5,5.1
2024-11-07 03:18:09.056: 2157.7,0.2,511.5,5.8,440.5,8.6,411.4,9.6,398.6,2.6,398.2,4.8,383.7,9.0,342.7,8.1,341.3,10.1
2024-11-07 03:18:09.132: 2062.8,0.2,487.7,9.0,469.4,5.9,426.5,8.2,426.3,2.6,408.3,4.9,387.9,9.6,359.8,7.5,359.3,7.7
2024-11-07 03:18:09.209: 2058.9,0.2,577.6,9.0,474.8,6.1,401.5,5.8,376.3,3.0,365.3,10.0,326.6,8.2,303.3,4.0,285.3,7.7
2024-11-07 03:18:09.286: 2032.7,0.2,530.1,9.0,493.0,8.4,396.3,5.6,375.0,3.1,328.3,7.8,327.7,10.0,314.6,3.6,301.4,7.1
2024-11-07 03:18:09.363: 2060.6,0.2,595.6,6.2,452.6,3.0,416.1,8.4,407.2,8.9,376.6,7.8,329.3,5.4,327.5,4.6,308.4,5.7
2024-11-07 03:18:09.439: 2013.3,0.2,608.7,6.4,440.3,8.9,424.3,3.0,418.9,10.1,410.5,5.5,374.1,8.2,365.7,9.3,327.9,10.7
2024-11-07 03:18:09.515: 1985.5,0.2,621.9,5.7,437.1,6.4,423.6,2.7,348.7,10.1,347.2,3.1,343.9,10.6,336.6,3.6,316.5,9.2
2024-11-07 03:18:09.591: 2022.5,0.2,741.6,2.7,495.0,9.8,444.6,9.3,438.1,5.7,413.5,6.3,366.9,6.0,360.2,8.5,314.5,4.9
2024-11-07 03:18:09.667: 2083.6,0.2,590.5,2.6,536.6,2.9,473.1,9.8,449.1,1.7,422.5,9.0,375.9,2.1,347.6,6.3,318.2,4.9
2024-11-07 03:18:09.743: 2116.7,0.2,534.3,3.0,481.3,2.0,466.2,2.6,443.7,9.9,386.4,6.4,385.3,8.8,308.9,5.8,292.1,5.3
2024-11-07 03:18:09.819: 2092.1,0.2,567.3,2.9,527.5,2.0,451.1,9.2,401.2,9.8,347.9,5.8,346.6,2.6,346.3,8.2,336.8,6.7
2024-11-07 03:18:09.895: 2110.2,0.2,569.4,5.8,419.9,3.0,399.3,3.3,333.5,4.6,325.7,6.7,317.9,9.8,313.9,9.3,303.2,2.2
2024-11-07 03:18:09.971: 2099.5,0.2,646.0,1.8,536.1,3.3,479.7,9.2,471.5,5.7,339.6,9.8,314.3,10.4,314.1,2.6,304.3,6.3
2024-11-07 03:18:10.047: 2137.6,0.2,603.1,1.8,543.6,9.2,473.0,3.3,415.2,5.8,349.2,6.4,336.2,9.8,288.4,10.4,287.8,4.5
2024-11-07 03:18:10.123: 2094.6,0.2,564.2,1.8,479.6,9.1,398.8,5.8,379.2,4.6,355.7,7.8,355.5,10.4,352.5,9.5,352.0,3.4
2024-11-07 03:18:10.199: 2133.1,0.2,539.4,2.6,469.3,9.1,465.8,10.4,442.4,10.8,436.7,5.1,436.0,1.8,434.7,10.0,407.7,4.6
2024-11-07 03:18:10.275: 2162.4,0.2,527.7,5.1,516.1,2.6,404.9,3.5,331.4,6.4,315.6,1.8,311.2,9.0,307.4,10.3,297.1,4.4
2024-11-07 03:18:10.351: 2127.3,0.2,570.0,6.3,459.3,5.6,447.6,11.1,441.3,10.1,435.0,9.9,416.5,10.7,409.5,3.5,349.1,7.0
2024-11-07 03:18:10.427: 2190.3,0.2,561.6,5.6,536.4,6.1,523.1,2.2,462.7,3.6,456.8,5.0,375.1,10.2,326.8,11.1,323.2,8.3
2024-11-07 03:18:10.503: 2143.4,0.2,620.7,2.0,617.4,5.6,470.4,3.6,456.0,4.9,404.8,4.0,394.5,10.3,393.5,6.1,390.2,6.7
2024-11-07 03:18:10.579: 2124.4,0.2,675.4,2.6,593.0,2.4,544.1,5.6,422.1,4.9,406.8,2.0,382.8,7.3,371.4,6.1,356.0,3.5
2024-11-07 03:18:10.655: 2132.6,0.